254 180
249 184
245 186
245 187
244 188
242 192
242 196
242 200
242 202
244 203
245 205
247 206
248 206
250 208
253 209
256 211
260 212
268 213
271 214
274 214
280 213
284 213
284 212
291 209
293 206
294 203
294 199
293 194
291 190
288 187
286 186
285 186
282 186
281 185
280 185
277 183
275 183
274 183
271 183
270 183
268 183
267 183
264 183
261 184
258 184
256 184
254 187
250 194
247 198
247 199
270 185
270 186
268 194
266 198
265 199
264 201
264 202
264 203
264 205
263 205
259 202
257 200
257 195
257 191
257 190
262 186
267 186
273 187
276 193
276 196
276 198
276 199
273 202
270 203
268 204
267 204
263 203
261 202
261 201
271 196
277 195
279 195
284 196
287 199
288 200
289 201
290 204
290 205
290 206
289 207
285 207
283 207
282 208
282 205
281 205
279 205
272 205
266 205
263 205
262 204
266 199
279 196
282 194
282 192
283 191
284 191
284 192
284 195
284 196
252 203
252 198
478 192
476 193
468 204
456 214
449 219
444 223
438 230
423 240
410 250
400 257
391 267
387 271
381 279
377 285
373 288
370 292
367 297
367 298
367 299
365 303
365 306
358 313
356 315
356 316
358 316
373 317
396 317
415 317
428 317
442 317
449 317
456 316
466 316
480 315
486 314
494 314
500 314
506 313
512 313
520 312
528 311
536 311
548 311
552 310
560 310
567 310
569 310
572 310
573 310
574 310
577 309
577 308
576 301
569 292
556 278
550 272
546 268
541 263
535 256
531 253
526 244
523 241
519 236
514 230
508 222
502 214
499 212
496 207
495 206
327 321
327 319
332 318
347 312
361 307
371 305
382 304
391 302
395 302
404 300
411 300
421 296
429 294
436 293
451 289
459 288
464 287
468 285
472 283
479 280
487 278
497 274
505 270
515 266
519 264
524 262
532 258
534 257
538 256
541 255
545 254
549 251
555 249
560 247
571 242
580 239
583 238
584 237
691 346
690 346
690 359
690 372
690 381
690 390
691 395
692 349
692 348
693 348
699 346
702 346
714 346
720 346
722 346
727 346
732 346
733 346
736 346
738 346
739 346
740 349
740 353
740 354
740 356
740 363
739 369
739 371
737 376
736 379
735 383
735 384
735 386
735 391
735 393
733 394
733 395
727 396
721 396
714 396
710 396
703 396
698 396
696 396
695 396
693 396
690 394
689 394
689 393
689 391
697 350
697 351
696 357
694 363
693 366
693 367
693 368
693 370
695 369
697 362
700 357
702 356
704 353
705 352
708 349
709 348
709 351
705 362
699 371
697 375
696 378
694 381
692 382
692 383
693 383
695 383
702 379
709 371
716 364
718 362
719 359
721 355
721 352
722 349
722 350
718 363
710 377
706 383
704 386
702 389
702 391
702 389
707 382
714 374
719 368
721 365
723 361
724 358
725 358
725 356
726 355
726 356
726 368
723 380
722 383
721 385
721 386
722 385
725 375
730 368
731 364
733 360
733 357
734 357
734 358
734 370
732 384
730 389
730 392
727 394
726 394
722 394
715 392
712 389
711 387
713 381
713 380
715 380
716 380
720 381
722 385
723 386
