32.47119229084848 7.401212142377156 645.0 383.49999999999994 348.0 194.5 7.527818778076126E-7 4.206905698438646E-7
-69.0703397262808 58.56958825918587 496.00000000000034 146.49999999999986 386.9999999999996 431.5 4.190763653560061E-7 5.982497620373772E-7
-41.52788338241366 68.14147875428073 556.9999999999999 158.5000000000001 321.0000000000001 367.4999999999999 4.962666174099917E-7 5.576861921267985E-7
7.713581407721126 26.068875971675364 661.0 295.5 314.0 248.5 6.998114825516306E-7 4.674190363641125E-7
32.47119229084848 7.401212142377156 645.0 383.49999999999994 348.0 194.5 7.497351384174132E-7 4.2450297734854323E-7
54.12376923071043 -28.772586349483255 569.0 444.5 373.0000000000001 173.49999999999983 7.040458476232606E-7 4.1151819184845567E-7
-52.20605700138318 71.68422482266585 526.0000000000005 149.50000000000009 336.0 394.4999999999999 4.805350027717955E-7 5.577957611089482E-7
70.52969799053302 -45.564600291740305 507.0 456.5000000000001 401.99999999999994 159.50000000000006 6.393334202294002E-7 4.1131563981394563E-7
7.713581407721126 26.068875971675364 661.0 295.5 314.0 248.5 7.132807613026196E-7 4.5531734964625374E-7
-58.225802273714585 57.14585965324269 526.0000000000005 149.50000000000009 360.0000000000005 417.5 4.953814467435961E-7 5.55440265815225E-7
81.84377098121021 -45.11231165995679 477.00000000000034 457.4999999999999 433.0000000000001 150.50000000000003 6.093826566470545E-7 4.2462074581651996E-7
-11.700579462815833 31.187312064812133 648.0000000000001 237.49999999999991 310.0 307.5 6.834654343856759E-7 4.6713369487641205E-7
-21.70844724313479 33.398753997684636 632.0 211.4999999999999 312.99999999999966 338.4999999999999 6.595642500924381E-7 4.85675360251636E-7
-2.139364792103531 28.577768038059403 657.9999999999997 265.4999999999999 310.0 278.4999999999999 7.047714365507275E-7 4.5666970801906954E-7
27.35479260658429 -7.535505703947949 645.0 383.49999999999994 328.0 219.49999999999994 7.403921633536888E-7 4.4945955200539345E-7
65.10097685770114 -29.737657869408753 538.0 452.5 401.99999999999994 159.50000000000006 6.469694308423269E-7 4.305197117696496E-7
54.12376923071043 -28.772586349483255 569.0 444.5 373.0000000000001 173.49999999999983 6.698776836939047E-7 4.453993214583468E-7
37.91807397602485 -10.181257747940068 624.0 409.5 348.0 194.5 7.012310603502956E-7 4.650119472778211E-7
54.12376923071043 -28.772586349483255 569.0 444.5 373.0000000000001 173.49999999999983 6.605658348887129E-7 4.558173367089547E-7
-41.84706299222472 39.01599135255447 584.9999999999995 171.5 336.0 394.4999999999999 5.470349369301937E-7 5.673060118764042E-7
-63.760952585133936 43.21775510499638 526.0000000000005 149.50000000000009 386.9999999999996 431.5 4.800376142669568E-7 5.679617553634719E-7
-11.700579462815833 31.187312064812133 648.0000000000001 237.49999999999991 310.0 307.5 6.287399215008456E-7 5.220499124711268E-7
48.79829522039213 -12.227155688011102 598.0 430.4999999999998 373.0000000000001 173.49999999999983 6.766933492276159E-7 4.618952502702559E-7
7.713581407721126 26.068875971675364 661.0 295.5 314.0 248.5 6.625728471479779E-7 5.063074384425161E-7
22.249023657212376 9.381680510630286 658.0 354.5 328.0 219.49999999999994 7.081215369631905E-7 4.803846838154236E-7
7.713581407721126 26.068875971675364 661.0 295.5 314.0 248.5 6.708721520859577E-7 4.967589399743546E-7
-58.225802273714585 57.14585965324269 526.0000000000005 149.50000000000009 360.0000000000005 417.5 4.667648706195068E-7 5.857592414028888E-7
48.79829522039213 -12.227155688011102 598.0 430.4999999999998 373.0000000000001 173.49999999999983 7.052284893722186E-7 4.333621785271275E-7
-63.760952585133936 43.21775510499638 526.0000000000005 149.50000000000009 386.9999999999996 431.5 4.641150479975609E-7 5.850094965990824E-7
22.249023657212376 9.381680510630286 658.0 354.5 328.0 219.49999999999994 7.237268514816591E-7 4.648805103345256E-7
17.187325080663342 26.07973695166382 661.0 322.4999999999999 328.0 219.49999999999994 7.021573897638619E-7 4.617749572152123E-7
48.79829522039213 -12.227155688011102 598.0 430.4999999999998 373.0000000000001 173.49999999999983 7.168313764214157E-7 4.217588831969704E-7
2.8291758376302747 42.25657153300449 657.9999999999997 265.4999999999999 314.0 248.5 6.733848990155784E-7 4.777755167905159E-7
2.8291758376302747 42.25657153300449 657.9999999999997 265.4999999999999 314.0 248.5 6.766851393209225E-7 4.740282457594461E-7
-16.601246987170832 47.09737994326154 632.0 211.4999999999999 310.0 307.5 6.235226985086875E-7 4.968595822206153E-7
81.84377098121021 -45.11231165995679 477.00000000000034 457.4999999999999 433.0000000000001 150.50000000000003 6.296846653506637E-7 4.044371946847178E-7
-58.225802273714585 57.14585965324269 526.0000000000005 149.50000000000009 360.0000000000005 417.5 4.782055578467863E-7 5.72802564395252E-7
-69.0703397262808 58.56958825918587 496.00000000000034 146.49999999999986 386.9999999999996 431.5 4.4851916842476775E-7 5.69231938668238E-7
22.249023657212376 9.381680510630286 658.0 354.5 328.0 219.49999999999994 7.329184432421144E-7 4.5589045955263337E-7
70.52969799053302 -45.564600291740305 507.0 456.5000000000001 401.99999999999994 159.50000000000006 6.293404837164418E-7 4.235989980053199E-7
65.10097685770114 -29.737657869408753 538.0 452.5 401.99999999999994 159.50000000000006 6.51751912582967E-7 4.249999999999999E-7
-58.225802273714585 57.14585965324269 526.0000000000005 149.50000000000009 360.0000000000005 417.5 4.773916398281166E-7 5.746037281852976E-7
48.79829522039213 -12.227155688011102 598.0 430.4999999999998 373.0000000000001 173.49999999999983 6.974576848972426E-7 4.413017360290149E-7
-52.74273666763805 40.29563713812625 556.9999999999999 158.5000000000001 360.0000000000005 417.5 5.074582631989436E-7 5.783813620786884E-7
12.038363611449785 11.574036164750359 661.0 322.4999999999999 314.0 248.5 6.884543880639039E-7 4.946182590869672E-7
-26.71177500363084 -10.696443754574547 648.0000000000001 237.49999999999991 336.0 394.4999999999999 7.804788416236682E-7 3.841476857205368E-7
-58.08903954676796 26.411380000518673 556.9999999999999 158.5000000000001 386.9999999999996 431.5 7.1972409837227E-7 3.534315901117065E-7
-11.956584243149118 -28.952069256165412 661.0 295.5 321.0000000000001 367.4999999999999 7.55492848705032E-7 4.0388736053508734E-7
-16.839521977543086 -12.750711532139368 657.9999999999997 265.4999999999999 321.0000000000001 367.4999999999999 7.607032564965414E-7 4.130005380679837E-7
58.74768294428282 -75.20918925231425 507.0 456.5000000000001 348.0 194.5 4.7407512297337697E-7 5.497095192513547E-7
-47.552898147171874 24.004271642556574 584.9999999999995 171.5 360.0000000000005 417.5 6.858186511186619E-7 4.2557477473281693E-7
-47.552898147171874 24.004271642556574 584.9999999999995 171.5 360.0000000000005 417.5 6.719891698862737E-7 4.396242082101979E-7
59.400021306791096 -44.920562869102035 538.0 452.5 373.0000000000001 173.49999999999983 5.159268897388036E-7 5.645770294851027E-7
-47.552898147171874 24.004271642556574 584.9999999999995 171.5 360.0000000000005 417.5 6.329318903150453E-7 4.7969029360388E-7
-7.043947029796903 -15.277492580321306 661.0 295.5 312.99999999999966 338.4999999999999 6.496003044607935E-7 5.197889528987286E-7
-75.03328043599512 13.749844048021435 526.0000000000005 149.50000000000009 445.0000000000004 452.5000000000001 5.530044203158679E-7 4.933361486406157E-7
-21.680468706576555 3.40301872836604 648.0000000000001 237.49999999999991 321.0000000000001 367.4999999999999 5.843253469695728E-7 5.886543033809302E-7
43.23580068284121 5.165092708136136 624.0 409.5 373.0000000000001 173.49999999999983 5.794178112554014E-7 5.721135279722803E-7
-80.96051719664486 -2.0312731300760154 526.0000000000005 149.50000000000009 477.00000000000034 457.4999999999999 5.085627897429295E-7 5.337108039212076E-7
-16.777667097028065 17.11802826715233 648.0000000000001 237.49999999999991 312.99999999999966 338.4999999999999 5.522403864662969E-7 6.16497724606057E-7
32.47119229084848 7.401212142377156 645.0 383.49999999999994 348.0 194.5 5.822394505508689E-7 5.916948350102253E-7
-69.14554196042174 -2.8924620366850515 556.9999999999999 158.5000000000001 445.0000000000004 452.5000000000001 4.892539672240216E-7 5.613599558215744E-7
-26.638696097335075 19.921969643602516 632.0 211.4999999999999 321.0000000000001 367.4999999999999 5.147949969540197E-7 6.471325641285215E-7
27.299572211332805 24.035755514209797 658.0 354.5 348.0 194.5 5.665906811799856E-7 5.98815961340006E-7
82.18470645323319 16.91008686364011 538.0 452.5 496.00000000000034 146.49999999999986 5.836308764964376E-7 4.467941360403025E-7
-2.139364792103531 28.577768038059403 657.9999999999997 265.4999999999999 310.0 278.4999999999999 4.914971459168846E-7 6.700186564566692E-7
-69.14554196042174 -2.8924620366850515 556.9999999999999 158.5000000000001 445.0000000000004 452.5000000000001 4.1199042599447706E-7 6.367124765369198E-7
82.18470645323319 16.91008686364011 538.0 452.5 496.00000000000034 146.49999999999986 6.094282384151376E-7 4.20320644799235E-7
-2.139364792103531 28.577768038059403 657.9999999999997 265.4999999999999 310.0 278.4999999999999 4.7023930078205817E-7 6.905814780152867E-7
53.593016541030515 34.80775141576791 624.0 409.5 433.0000000000001 150.50000000000003 5.860911002376489E-7 4.866695205395771E-7
76.23551313220462 32.63735476655063 569.0 444.5 496.00000000000034 146.49999999999986 6.233177359902412E-7 3.993918988773922E-7
-11.700579462815833 31.187312064812133 648.0000000000001 237.49999999999991 310.0 307.5 4.180543558491465E-7 7.325393428948979E-7
37.297204424493714 52.3851186377067 658.0 354.5 401.99999999999994 159.50000000000006 5.430802068857888E-7 5.299502073046318E-7
27.355287679507196 53.996676532991415 661.0 322.4999999999999 373.0000000000001 173.49999999999983 4.957177736485862E-7 5.85531572353039E-7
87.73204546409426 31.935360965918417 538.0 452.5 526.0000000000005 149.50000000000009 6.525186246809784E-7 3.5839534347173375E-7
-16.601246987170832 47.09737994326154 632.0 211.4999999999999 310.0 307.5 3.6706417846353684E-7 7.555002022207245E-7
-57.99461679191656 -3.974992050023602 584.9999999999995 171.5 414.9999999999999 443.5000000000001 3.231141869026757E-7 7.463112993621069E-7
-31.916193087857 37.337901567583366 610.0000000000005 187.5 321.0000000000001 367.4999999999999 3.3057609646729803E-7 8.079483619363026E-7
70.24399900253547 48.12078489075285 598.0 430.4999999999998 496.00000000000034 146.49999999999986 6.415108035809765E-7 3.643906633759372E-7
-1.8863049496044388 57.594521816678174 648.0000000000001 237.49999999999991 314.0 248.5 3.7828927790485693E-7 7.366685520337865E-7
46.99456930124183 78.37098244878413 658.0 354.5 464.0 146.50000000000006 5.442247289085231E-7 4.093931823782336E-7
64.04818298474649 63.577275933138175 624.0 409.5 496.00000000000034 146.49999999999986 6.17353221421902E-7 3.587207208338481E-7
52.63055422538275 64.55656702286434 645.0 383.49999999999994 464.0 146.50000000000006 5.807586035140207E-7 4.133366935347285E-7
70.24399900253547 48.12078489075285 598.0 430.4999999999998 496.00000000000034 146.49999999999986 6.498739193959934E-7 3.5693525712344215E-7
65.17544523081666 1.9572003402715599 569.0 444.5 433.0000000000001 150.50000000000003 4.689497722452682E-7 6.128462739998957E-7
-86.4585241359195 -16.65380387449437 526.0000000000005 149.50000000000009 507.0 456.5000000000001 5.488295626958233E-7 4.76681235208604E-7
43.23580068284121 5.165092708136136 624.0 409.5 373.0000000000001 173.49999999999983 4.7585303520216317E-7 6.729557522188547E-7
-16.839521977543086 -12.750711532139368 657.9999999999997 265.4999999999999 321.0000000000001 367.4999999999999 4.99235526691671E-7 6.755100953271448E-7
2.4470486423235966 -15.605414661241923 661.0 322.4999999999999 310.0 307.5 4.803499881452181E-7 6.907262683420819E-7
-7.043947029796903 -15.277492580321306 661.0 295.5 312.99999999999966 338.4999999999999 4.858240422210494E-7 6.83424790627649E-7
2.4470486423235966 -15.605414661241923 661.0 322.4999999999999 310.0 307.5 4.801417614737455E-7 6.910639944639314E-7
70.59014201919837 17.05768601115093 569.0 444.5 464.0 146.50000000000006 4.466697761085799E-7 6.079039580577035E-7
-21.832081742261796 -26.732669219022018 657.9999999999997 265.4999999999999 336.0 394.4999999999999 5.063293833508417E-7 6.499337573083034E-7
-32.00538320808354 -25.439949120152722 648.0000000000001 237.49999999999991 360.0000000000005 417.5 5.214429765350937E-7 6.108213959724856E-7
65.17544523081666 1.9572003402715599 569.0 444.5 433.0000000000001 150.50000000000003 4.3923228478790123E-7 6.410169871210726E-7
-46.913401285751895 -35.94790043780107 632.0 211.4999999999999 414.9999999999999 443.5000000000001 5.26795870227633E-7 5.327627155790012E-7
59.48976259388445 18.17692307692317 598.0 430.4999999999998 433.0000000000001 150.50000000000003 4.4077268013745474E-7 6.454993760217311E-7
-27.02463313460804 -41.05802895644027 657.9999999999997 265.4999999999999 360.0000000000005 417.5 4.891176863609721E-7 6.280414883676948E-7
-36.62323837223596 -38.128490464874865 648.0000000000001 237.49999999999991 386.9999999999996 431.5 4.993245437588668E-7 5.851519270905454E-7
12.319445256636621 -19.53384959370676 658.0 354.5 310.0 278.4999999999999 4.5235494912734177E-7 7.351209273158926E-7
-58.091893064346856 -33.91583405113792 610.0000000000005 187.5 445.0000000000004 452.5000000000001 5.285856390196188E-7 5.1198144497628E-7
-32.00538320808354 -25.439949120152722 648.0000000000001 237.49999999999991 360.0000000000005 417.5 4.900481835720063E-7 6.42920852222278E-7
-58.091893064346856 -33.91583405113792 610.0000000000005 187.5 445.0000000000004 452.5000000000001 5.211658938273779E-7 5.194040388325404E-7
17.12613410644049 -5.556155789991714 658.0 354.5 314.0 248.5 4.5241635199841703E-7 7.478803380220662E-7
-69.31234142956528 -34.12358802318839 584.9999999999995 171.5 477.00000000000034 457.4999999999999 5.252115975701809E-7 4.939663731245044E-7
-36.62323837223596 -38.128490464874865 648.0000000000001 237.49999999999991 386.9999999999996 431.5 4.826000184187503E-7 6.028658409814105E-7
87.73204546409426 31.935360965918417 526.0000000000005 149.50000000000009 538.0 452.5 5.483434649519909E-7 4.6312045469354463E-7
-69.31234142956528 -34.12358802318839 584.9999999999995 171.5 477.00000000000034 457.4999999999999 5.11025657107568E-7 5.086064839889037E-7
12.319445256636621 -19.53384959370676 658.0 354.5 310.0 278.4999999999999 4.622439231016936E-7 7.286078811297916E-7
59.48976259388445 18.17692307692317 598.0 430.4999999999998 433.0000000000001 150.50000000000003 4.650477872696997E-7 6.183243485420896E-7
-21.832081742261796 -26.732669219022018 657.9999999999997 265.4999999999999 336.0 394.4999999999999 4.685586646538738E-7 6.887448326081614E-7
27.35479260658429 -7.535505703947949 645.0 383.49999999999994 328.0 219.49999999999994 4.701920411444195E-7 7.210197254198006E-7
70.59014201919837 17.05768601115093 569.0 444.5 464.0 146.50000000000006 4.706762274760763E-7 5.825351682278265E-7
-21.832081742261796 -26.732669219022018 657.9999999999997 265.4999999999999 336.0 394.4999999999999 4.811935392565254E-7 6.765701901667129E-7
-63.51656668725006 -18.77721845196691 584.9999999999995 171.5 445.0000000000004 452.5000000000001 5.144171459039827E-7 5.322723822338415E-7
59.48976259388445 18.17692307692317 598.0 430.4999999999998 433.0000000000001 150.50000000000003 4.793543110847705E-7 6.053947288982433E-7
70.59014201919837 17.05768601115093 569.0 444.5 464.0 146.50000000000006 4.775661676086827E-7 5.760907528814842E-7
2.4470486423235966 -15.605414661241923 661.0 322.4999999999999 310.0 307.5 4.810434260831113E-7 6.902435158051912E-7
54.123769230710366 2.9301812971520653 598.0 430.4999999999998 401.99999999999994 159.50000000000006 4.7023930078205865E-7 6.446812304456279E-7
17.12613410644049 -5.556155789991714 658.0 354.5 314.0 248.5 4.863383595810637E-7 7.141525669553313E-7
-69.31234142956528 -34.12358802318839 584.9999999999995 171.5 477.00000000000034 457.4999999999999 5.369797223566469E-7 4.846676983024318E-7
65.17544523081666 1.9572003402715599 569.0 444.5 433.0000000000001 150.50000000000003 4.534099200012672E-7 6.276255961071764E-7
70.59014201919837 17.05768601115093 569.0 444.5 464.0 146.50000000000006 4.5219526264165526E-7 6.013711185467939E-7
12.319445256636621 -19.53384959370676 658.0 354.5 310.0 278.4999999999999 4.72596257097136E-7 7.155514578902688E-7
-80.47533202821003 -32.799904106056545 556.9999999999999 158.5000000000001 507.0 456.5000000000001 5.443165949661604E-7 4.643663544133139E-7
32.47119229084848 7.401212142377156 645.0 383.49999999999994 348.0 194.5 4.6157038707246165E-7 7.139658410752031E-7
-36.62323837223596 -38.128490464874865 648.0000000000001 237.49999999999991 386.9999999999996 431.5 4.900028344589225E-7 5.955972725853539E-7
-11.956584243149118 -28.952069256165412 661.0 295.5 321.0000000000001 367.4999999999999 4.529195415425472E-7 7.062125112960761E-7
-11.956584243149118 -28.952069256165412 661.0 295.5 321.0000000000001 367.4999999999999 4.490885831944022E-7 7.102366585238405E-7
-7.043947029796903 -15.277492580321306 661.0 295.5 312.99999999999966 338.4999999999999 4.480730347213995E-7 7.209349639337961E-7
-58.091893064346856 -33.91583405113792 610.0000000000005 187.5 445.0000000000004 452.5000000000001 5.025076008269823E-7 5.382198022699975E-7
17.12613410644049 -5.556155789991714 658.0 354.5 314.0 248.5 4.570588340441281E-7 7.428118499623202E-7
59.48976259388445 18.17692307692317 598.0 430.4999999999998 433.0000000000001 150.50000000000003 4.5651153082674396E-7 6.269968101992223E-7
70.59014201919837 17.05768601115093 569.0 444.5 464.0 146.50000000000006 4.590600299646127E-7 5.942058191868835E-7
-21.832081742261796 -26.732669219022018 657.9999999999997 265.4999999999999 336.0 394.4999999999999 4.78159085567879E-7 6.786362959805658E-7
82.18470645323319 16.91008686364011 538.0 452.5 496.00000000000034 146.49999999999986 4.6513140317787855E-7 5.645179851479985E-7
65.17544523081666 1.9572003402715599 569.0 444.5 433.0000000000001 150.50000000000003 4.6465339531502167E-7 6.173532214219018E-7
-32.00538320808354 -25.439949120152722 648.0000000000001 237.49999999999991 360.0000000000005 417.5 4.999249943741566E-7 6.323962365479401E-7
17.12613410644049 -5.556155789991714 658.0 354.5 314.0 248.5 4.858011710337655E-7 7.141914620355277E-7
-41.9225446005756 -22.34423834724316 632.0 211.4999999999999 386.9999999999996 431.5 5.159914943312753E-7 5.816380126657636E-7
65.17544523081666 1.9572003402715599 569.0 444.5 433.0000000000001 150.50000000000003 4.707706447942564E-7 6.097016574613447E-7
-32.00538320808354 -25.439949120152722 648.0000000000001 237.49999999999991 360.0000000000005 417.5 5.143307409742408E-7 6.184950372566536E-7
-52.7027955755062 -19.336006686625485 610.0000000000005 187.5 414.9999999999999 443.5000000000001 5.320009398487947E-7 5.407119791945107E-7
65.17544523081666 1.9572003402715599 569.0 444.5 433.0000000000001 150.50000000000003 4.6591904399321945E-7 6.141954990970797E-7
-7.043947029796903 -15.277492580321306 661.0 295.5 312.99999999999966 338.4999999999999 4.952131976342221E-7 6.738220173837544E-7
-63.51656668725006 -18.77721845196691 584.9999999999995 171.5 445.0000000000004 452.5000000000001 5.456621869089166E-7 5.009241459542549E-7
-80.63155391689415 60.50696157254854 464.0 146.50000000000006 414.9999999999999 443.5000000000001 3.8976132297713784E-7 6.155507921997814E-7
-31.548701179543457 65.03318700730537 584.9999999999995 171.5 312.99999999999966 338.4999999999999 5.364828877875674E-7 5.300235843809226E-7
-26.949580836662417 50.430451077799034 610.0000000000005 187.5 312.99999999999966 338.4999999999999 5.821249388614493E-7 5.2849103850281E-7
-26.949580836662417 50.430451077799034 610.0000000000005 187.5 312.99999999999966 338.4999999999999 5.866027427295063E-7 5.24004346886127E-7
-74.74488129694215 44.24757707403954 496.00000000000034 146.49999999999986 414.9999999999999 443.5000000000001 4.307390290084146E-7 5.978596081950274E-7
-58.225802273714585 57.14585965324269 526.0000000000005 149.50000000000009 360.0000000000005 417.5 4.748830265327341E-7 5.759653731875815E-7
-26.949580836662417 50.430451077799034 610.0000000000005 187.5 312.99999999999966 338.4999999999999 6.031422349293384E-7 5.076224537543197E-7
12.038363611449785 11.574036164750359 661.0 322.4999999999999 314.0 248.5 7.28173132648487E-7 4.546824288567913E-7
-58.225802273714585 57.14585965324269 526.0000000000005 149.50000000000009 360.0000000000005 417.5 4.925472340575859E-7 5.582736286485718E-7
12.038363611449785 11.574036164750359 661.0 322.4999999999999 314.0 248.5 7.267220926874316E-7 4.5597575471606915E-7
54.12376923071043 -28.772586349483255 569.0 444.5 373.0000000000001 173.49999999999983 6.887770966639997E-7 4.2605750785545394E-7
-58.225802273714585 57.14585965324269 526.0000000000005 149.50000000000009 360.0000000000005 417.5 5.028060151677678E-7 5.480191602489817E-7
-36.591088267399336 52.505461071740726 584.9999999999995 171.5 321.0000000000001 367.4999999999999 5.857307876111295E-7 5.105253285696122E-7
22.249023657212376 9.381680510630286 658.0 354.5 328.0 219.49999999999994 7.470032723414864E-7 4.434868155374584E-7
-2.139364792103531 28.577768038059403 657.9999999999997 265.4999999999999 310.0 278.4999999999999 6.981185031528979E-7 4.6333633092555517E-7
37.91807397602485 -10.181257747940068 624.0 409.5 348.0 194.5 7.22336102132826E-7 4.4408770405055E-7
-21.70844724313479 33.398753997684636 632.0 211.4999999999999 312.99999999999966 338.4999999999999 6.314467515159138E-7 5.132061530764772E-7
-86.44698028475887 45.44352955757683 464.0 146.50000000000006 445.0000000000004 452.5000000000001 4.418678786947769E-7 5.804906928146606E-7
-11.700579462815833 31.187312064812133 648.0000000000001 237.49999999999991 310.0 307.5 6.384986731039902E-7 5.12220113275967E-7
-86.44698028475887 45.44352955757683 464.0 146.50000000000006 445.0000000000004 452.5000000000001 4.4167924510390504E-7 5.814373951204417E-7
48.79829522039213 -12.227155688011102 598.0 430.4999999999998 373.0000000000001 173.49999999999983 6.741929331512681E-7 4.644142068838503E-7
76.40516366592507 -29.982156456589152 507.0 456.5000000000001 433.0000000000001 150.50000000000003 6.120207875917655E-7 4.373817300457092E-7
-58.225802273714585 57.14585965324269 526.0000000000005 149.50000000000009 360.0000000000005 417.5 4.770423927120574E-7 5.780162435241561E-7
-80.5376777919744 29.180820246700563 496.00000000000034 146.49999999999986 445.0000000000004 452.5000000000001 4.462964883970702E-7 5.910560229134143E-7
-26.949580836662417 50.430451077799034 610.0000000000005 187.5 312.99999999999966 338.4999999999999 5.759750187484035E-7 5.368245109489287E-7
-74.74488129694215 44.24757707403954 496.00000000000034 146.49999999999986 414.9999999999999 443.5000000000001 4.375087300716291E-7 5.886543033809313E-7
-26.949580836662417 50.430451077799034 610.0000000000005 187.5 312.99999999999966 338.4999999999999 5.755215026391295E-7 5.364414641360653E-7
32.47119229084848 7.401212142377156 645.0 383.49999999999994 348.0 194.5 7.245860887430835E-7 4.493606569338264E-7
32.47119229084848 7.401212142377156 645.0 383.49999999999994 348.0 194.5 7.274403373778803E-7 4.466200224401549E-7
-2.139364792103531 28.577768038059403 657.9999999999997 265.4999999999999 310.0 278.4999999999999 6.66835395314648E-7 4.941462896304651E-7
7.713581407721126 26.068875971675364 661.0 295.5 314.0 248.5 6.852919086053767E-7 4.820240888401971E-7
81.84377098121021 -45.11231165995679 477.00000000000034 457.4999999999999 433.0000000000001 150.50000000000003 6.322205135692588E-7 4.0237144254752677E-7
-80.63155391689415 60.50696157254854 464.0 146.50000000000006 414.9999999999999 443.5000000000001 4.0587696548475244E-7 6.007518437572858E-7
-69.0703397262808 58.56958825918587 496.00000000000034 146.49999999999986 386.9999999999996 431.5 4.242804366087241E-7 5.933356741526864E-7
-80.63155391689415 60.50696157254854 464.0 146.50000000000006 414.9999999999999 443.5000000000001 4.096916184427283E-7 5.960168714987116E-7
65.10097685770114 -29.737657869408753 538.0 452.5 401.99999999999994 159.50000000000006 6.620276093604825E-7 4.1477236059206146E-7
-63.760952585133936 43.21775510499638 526.0000000000005 149.50000000000009 386.9999999999996 431.5 4.81078071742115E-7 5.69231938668238E-7
-46.87993054433944 55.113817988917056 556.9999999999999 158.5000000000001 336.0 394.4999999999999 5.205579271853951E-7 5.574669895558339E-7
-86.44698028475887 45.44352955757683 464.0 146.50000000000006 445.0000000000004 452.5000000000001 4.293826317452119E-7 5.926048899187011E-7
-74.74488129694215 44.24757707403954 496.00000000000034 146.49999999999986 414.9999999999999 443.5000000000001 4.486058651224067E-7 5.780546879164832E-7
17.187325080663342 26.07973695166382 661.0 322.4999999999999 328.0 219.49999999999994 6.981901205577491E-7 4.6810789354592185E-7
65.10097685770114 -29.737657869408753 538.0 452.5 401.99999999999994 159.50000000000006 6.489842490812512E-7 4.2786615248748567E-7
-63.760952585133936 43.21775510499638 526.0000000000005 149.50000000000009 386.9999999999996 431.5 4.742157268117075E-7 5.742265329215569E-7
-86.44698028475887 45.44352955757683 464.0 146.50000000000006 445.0000000000004 452.5000000000001 4.285408057842591E-7 5.93775584244119E-7
87.72454356174575 -61.011456818509416 445.0000000000004 452.5000000000001 433.0000000000001 150.50000000000003 3.792719634012282E-7 6.284747851390344E-7
-63.760952585133936 43.21775510499638 526.0000000000005 149.50000000000009 386.9999999999996 431.5 6.948481049041506E-7 3.534315901117065E-7
-69.0703397262808 58.56958825918587 496.00000000000034 146.49999999999986 386.9999999999996 431.5 6.605910653010352E-7 3.608824062088807E-7
-47.552898147171874 24.004271642556574 584.9999999999995 171.5 360.0000000000005 417.5 7.234734887256667E-7 3.8787526631924E-7
-52.74273666763805 40.29563713812625 556.9999999999999 158.5000000000001 360.0000000000005 417.5 6.882929770252066E-7 3.9972560032546655E-7
-63.760952585133936 43.21775510499638 526.0000000000005 149.50000000000009 386.9999999999996 431.5 6.401757571167472E-7 4.0910810850488527E-7
53.630801788548446 -59.83229707670125 538.0 452.5 348.0 194.5 5.18183258016784E-7 5.510419423439765E-7
81.84377098121021 -45.11231165995679 477.00000000000034 457.4999999999999 433.0000000000001 150.50000000000003 4.6268840006591403E-7 5.711124621687433E-7
76.40516366592507 -29.982156456589152 507.0 456.5000000000001 433.0000000000001 150.50000000000003 4.875819019519813E-7 5.639370532249143E-7
-80.5376777919744 29.180820246700563 496.00000000000034 146.49999999999986 445.0000000000004 452.5000000000001 5.66639705240955E-7 4.674546918032688E-7
-21.680468706576555 3.40301872836604 648.0000000000001 237.49999999999991 321.0000000000001 367.4999999999999 6.401323647843819E-7 5.331275644721434E-7
27.35479260658429 -7.535505703947949 645.0 383.49999999999994 328.0 219.49999999999994 6.139512286094971E-7 5.776701288605616E-7
59.63119383353322 -13.521569349537842 569.0 444.5 401.99999999999994 159.50000000000006 5.513846207503434E-7 5.496994128107145E-7
-1.9580674292340416 -1.003687109943218 661.0 295.5 310.0 307.5 5.735295206971574E-7 5.971901800189879E-7
12.038363611449785 11.574036164750359 661.0 322.4999999999999 314.0 248.5 5.725212271659064E-7 6.126377396145295E-7
22.249023657212376 9.381680510630286 658.0 354.5 328.0 219.49999999999994 5.835451996203893E-7 6.062384019509157E-7
-31.726149210438248 5.862044763044083 632.0 211.4999999999999 336.0 394.4999999999999 5.330754584901134E-7 6.269968101992224E-7
-1.9580674292340416 -1.003687109943218 661.0 295.5 310.0 307.5 5.501237234578338E-7 6.22149053237602E-7
-47.574735211237844 -5.301728594331424 610.0000000000005 187.5 386.9999999999996 431.5 5.036229850901489E-7 6.015373822317472E-7
-6.881723630636976 15.319863338688387 657.9999999999997 265.4999999999999 310.0 307.5 5.249153370888585E-7 6.43637665495459E-7
65.17544523081666 1.9572003402715599 569.0 444.5 433.0000000000001 150.50000000000003 5.741200997081437E-7 5.069653724751708E-7
-31.726149210438248 5.862044763044083 632.0 211.4999999999999 336.0 394.4999999999999 4.72208169725552E-7 6.88752898763813E-7
-16.777667097028065 17.11802826715233 648.0000000000001 237.49999999999991 312.99999999999966 338.4999999999999 4.7526892971827645E-7 6.911041889614049E-7
-52.709333080033936 10.229222318991084 584.9999999999995 171.5 386.9999999999996 431.5 4.17535760278219E-7 6.723280449304499E-7
-11.700579462815833 31.187312064812133 648.0000000000001 237.49999999999991 310.0 307.5 4.539487244661503E-7 6.973620930971865E-7
22.241895543351003 40.11548289116789 661.0 322.4999999999999 348.0 194.5 5.109060579010586E-7 6.169931568142029E-7
22.241895543351003 40.11548289116789 661.0 322.4999999999999 348.0 194.5 5.019987826457129E-7 6.252577246401857E-7
-75.02088603411829 -18.49007721164914 556.9999999999999 158.5000000000001 477.00000000000034 457.4999999999999 3.6528907882813956E-7 6.669936698017116E-7
17.884044843703435 53.72430988127867 661.0 295.5 348.0 194.5 4.6688387802060116E-7 6.314467515159137E-7
58.68513166552945 49.02455356708263 624.0 409.5 464.0 146.50000000000006 5.9864894183115E-7 4.281776630221513E-7
27.355287679507196 53.996676532991415 661.0 322.4999999999999 373.0000000000001 173.49999999999983 4.957177736485862E-7 5.85531572353039E-7
58.68513166552945 49.02455356708263 624.0 409.5 464.0 146.50000000000006 6.006686089498749E-7 4.256530929707376E-7
-21.70844724313479 33.398753997684636 632.0 211.4999999999999 312.99999999999966 338.4999999999999 3.6706417846353684E-7 7.774548932967831E-7
-69.14554196042174 -2.8924620366850515 556.9999999999999 158.5000000000001 445.0000000000004 452.5000000000001 3.2349222899819696E-7 7.27218826916783E-7
-1.8863049496044388 57.594521816678174 648.0000000000001 237.49999999999991 314.0 248.5 3.855911767086429E-7 7.300171230868492E-7
-1.8863049496044388 57.594521816678174 648.0000000000001 237.49999999999991 314.0 248.5 3.819285855293431E-7 7.333352272702816E-7
-80.47533202821003 -32.799904106056545 556.9999999999999 158.5000000000001 507.0 456.5000000000001 3.072141851470327E-7 7.012389828803813E-7
42.197548480133236 65.75142806594761 658.0 354.5 433.0000000000001 150.50000000000003 5.442247289085231E-7 4.6820282879206163E-7
-21.70844724313479 33.398753997684636 632.0 211.4999999999999 312.99999999999966 338.4999999999999 3.369017331178008E-7 8.078245821684043E-7
70.24399900253547 48.12078489075285 598.0 430.4999999999998 496.00000000000034 146.49999999999986 6.467031776634464E-7 3.6000385800401887E-7
-37.07011504699528 23.456467150374433 610.0000000000005 187.5 336.0 394.4999999999999 3.071418420064447E-7 8.376836448737008E-7
32.47119229084848 7.401212142377156 645.0 383.49999999999994 348.0 194.5 4.812743500333255E-7 6.934875629742757E-7
2.4470486423235966 -15.605414661241923 661.0 322.4999999999999 310.0 307.5 4.7418057976073015E-7 6.970035070850712E-7
65.17544523081666 1.9572003402715599 569.0 444.5 433.0000000000001 150.50000000000003 4.6516723396597437E-7 6.15686157424742E-7
17.12613410644049 -5.556155789991714 658.0 354.5 314.0 248.5 4.872057516536976E-7 7.130938071374465E-7
-32.00538320808354 -25.439949120152722 648.0000000000001 237.49999999999991 360.0000000000005 417.5 5.125237121885738E-7 6.195809515757839E-7
76.40516366592502 1.0895094464042552 538.0 452.5 464.0 146.50000000000006 4.504719747109691E-7 6.015281465659865E-7
22.18833614129172 -22.557031827431445 645.0 383.49999999999994 314.0 248.5 4.7481282862010175E-7 7.185266561203944E-7
-41.9225446005756 -22.34423834724316 632.0 211.4999999999999 386.9999999999996 431.5 5.316144174953206E-7 5.665710703678568E-7
-21.832081742261796 -26.732669219022018 657.9999999999997 265.4999999999999 336.0 394.4999999999999 5.075786747993952E-7 6.487016948404627E-7
27.35479260658429 -7.535505703947949 645.0 383.49999999999994 328.0 219.49999999999994 4.689142304894953E-7 7.212046249928735E-7
-21.832081742261796 -26.732669219022018 657.9999999999997 265.4999999999999 336.0 394.4999999999999 4.983333333333325E-7 6.580125800891313E-7
-69.31234142956528 -34.12358802318839 584.9999999999995 171.5 477.00000000000034 457.4999999999999 5.48211739304359E-7 4.717137785658675E-7
-11.956584243149118 -28.952069256165412 661.0 295.5 321.0000000000001 367.4999999999999 4.6904453709405657E-7 6.894784663465241E-7
82.18470645323319 16.91008686364011 538.0 452.5 496.00000000000034 146.49999999999986 4.338362466287123E-7 5.962219012712934E-7
87.73204546409426 31.935360965918417 526.0000000000005 149.50000000000009 538.0 452.5 5.78333333333333E-7 4.335159871459311E-7
-46.913401285751895 -35.94790043780107 632.0 211.4999999999999 414.9999999999999 443.5000000000001 5.104056121251893E-7 5.485663132201982E-7
-36.62323837223596 -38.128490464874865 648.0000000000001 237.49999999999991 386.9999999999996 431.5 4.900481835720063E-7 5.94514274195518E-7
37.91807397602485 -10.181257747940068 624.0 409.5 348.0 194.5 4.399400211645017E-7 7.287069979689291E-7
-80.47533202821003 -32.799904106056545 556.9999999999999 158.5000000000001 507.0 456.5000000000001 5.442655601817916E-7 4.631564410530088E-7
12.319445256636621 -19.53384959370676 658.0 354.5 310.0 278.4999999999999 4.532996311001759E-7 7.352191661145826E-7
-11.956584243149118 -28.952069256165412 661.0 295.5 321.0000000000001 367.4999999999999 4.523795112759001E-7 7.069987427302977E-7
59.48976259388445 18.17692307692317 598.0 430.4999999999998 433.0000000000001 150.50000000000003 4.547679505955629E-7 6.286515551382796E-7
17.12613410644049 -5.556155789991714 658.0 354.5 314.0 248.5 4.6123325022282503E-7 7.38649292816136E-7
-46.913401285751895 -35.94790043780107 632.0 211.4999999999999 414.9999999999999 443.5000000000001 4.86897776175292E-7 5.736166935429196E-7
70.59014201919837 17.05768601115093 569.0 444.5 464.0 146.50000000000006 4.675141114923104E-7 5.859868219982044E-7
70.59014201919837 17.05768601115093 569.0 444.5 464.0 146.50000000000006 4.685468078123157E-7 5.848195353174248E-7
-41.9225446005756 -22.34423834724316 632.0 211.4999999999999 386.9999999999996 431.5 4.894923674356711E-7 6.081780623761077E-7
54.123769230710366 2.9301812971520653 598.0 430.4999999999998 401.99999999999994 159.50000000000006 4.7028655567052294E-7 6.46299294273E-7
59.48976259388445 18.17692307692317 598.0 430.4999999999998 433.0000000000001 150.50000000000003 4.7386413899156966E-7 6.10138873080911E-7
7.145106032339758 -2.2996655943455155 661.0 322.4999999999999 310.0 278.4999999999999 4.748830265327335E-7 7.050394000022662E-7
-1.9580674292340416 -1.003687109943218 661.0 295.5 310.0 307.5 4.794586067175722E-7 6.93431483437421E-7
82.18470645323319 16.91008686364011 538.0 452.5 496.00000000000034 146.49999999999986 4.7683272165870125E-7 5.527833612224999E-7
-7.043947029796903 -15.277492580321306 661.0 295.5 312.99999999999966 338.4999999999999 4.835315685431281E-7 6.852919086053777E-7
70.59014201919837 17.05768601115093 569.0 444.5 464.0 146.50000000000006 4.6516723396597437E-7 5.887958521894964E-7
-75.02088603411829 -18.49007721164914 556.9999999999999 158.5000000000001 477.00000000000034 457.4999999999999 5.448980536659021E-7 4.869434144630033E-7
-69.31234142956528 -34.12358802318839 584.9999999999995 171.5 477.00000000000034 457.4999999999999 5.369797223566469E-7 4.846676983024318E-7
-21.832081742261796 -26.732669219022018 657.9999999999997 265.4999999999999 336.0 394.4999999999999 4.952805041365719E-7 6.611542936410531E-7
59.48976259388445 18.17692307692317 598.0 430.4999999999998 433.0000000000001 150.50000000000003 4.563167759353139E-7 6.291550771559511E-7
-41.9225446005756 -22.34423834724316 632.0 211.4999999999999 386.9999999999996 431.5 5.127621280866989E-7 5.853607624552771E-7
70.59014201919837 17.05768601115093 569.0 444.5 464.0 146.50000000000006 4.498302148835961E-7 6.034737405683493E-7
54.123769230710366 2.9301812971520653 598.0 430.4999999999998 401.99999999999994 159.50000000000006 4.50693909432998E-7 6.646908220284743E-7
-58.091893064346856 -33.91583405113792 610.0000000000005 187.5 445.0000000000004 452.5000000000001 5.191365694860829E-7 5.216453669773062E-7
-58.091893064346856 -33.91583405113792 610.0000000000005 187.5 445.0000000000004 452.5000000000001 5.155283158512685E-7 5.250846492603726E-7
-21.832081742261796 -26.732669219022018 657.9999999999997 265.4999999999999 336.0 394.4999999999999 4.6609786764393304E-7 6.901710738006274E-7
87.73204546409426 31.935360965918417 538.0 452.5 526.0000000000005 149.50000000000009 4.5954385596540787E-7 5.517069471699222E-7
32.47119229084848 7.401212142377156 645.0 383.49999999999994 348.0 194.5 4.536181703199778E-7 7.20187089890151E-7
54.123769230710366 2.9301812971520653 598.0 430.4999999999998 401.99999999999994 159.50000000000006 4.547679505955629E-7 6.624470628745447E-7
-80.47533202821003 -32.799904106056545 556.9999999999999 158.5000000000001 507.0 456.5000000000001 5.28533085267348E-7 4.792036217633497E-7
-69.31234142956528 -34.12358802318839 584.9999999999995 171.5 477.00000000000034 457.4999999999999 5.153882032022069E-7 5.043835621605615E-7
-16.839521977543086 -12.750711532139368 657.9999999999997 265.4999999999999 321.0000000000001 367.4999999999999 4.78159085567879E-7 6.965490331308736E-7
-32.00538320808354 -25.439949120152722 648.0000000000001 237.49999999999991 360.0000000000005 417.5 4.942025001060918E-7 6.379938174552394E-7
-86.4585241359195 -16.65380387449437 526.0000000000005 149.50000000000009 507.0 456.5000000000001 5.486979537454502E-7 4.769725126019089E-7
37.91807397602485 -10.181257747940068 624.0 409.5 348.0 194.5 4.731132117275009E-7 6.953915763398666E-7
-58.091893064346856 -33.91583405113792 610.0000000000005 187.5 445.0000000000004 452.5000000000001 5.213897028348595E-7 5.218689703577153E-7
43.23580068284121 5.165092708136136 624.0 409.5 373.0000000000001 173.49999999999983 4.8055812459172E-7 6.682418890059365E-7
-11.956584243149118 -28.952069256165412 661.0 295.5 321.0000000000001 367.4999999999999 4.905580722220583E-7 6.70805900060185E-7
-75.02088603411829 -18.49007721164914 556.9999999999999 158.5000000000001 477.00000000000034 457.4999999999999 5.377860995683027E-7 4.939776198259272E-7
-41.9225446005756 -22.34423834724316 632.0 211.4999999999999 386.9999999999996 431.5 5.231979655074275E-7 5.744683532527184E-7
-80.47533202821003 -32.799904106056545 556.9999999999999 158.5000000000001 507.0 456.5000000000001 5.442145206115359E-7 4.6891423048949576E-7
17.12613410644049 -5.556155789991714 658.0 354.5 314.0 248.5 4.960090724976712E-7 7.046847206769532E-7
-80.63155391689415 60.50696157254854 464.0 146.50000000000006 414.9999999999999 443.5000000000001 3.8976132297713784E-7 6.155507921997814E-7
7.713581407721126 26.068875971675364 661.0 295.5 314.0 248.5 6.974497194143181E-7 4.6989656072137604E-7
2.8291758376302747 42.25657153300449 657.9999999999997 265.4999999999999 314.0 248.5 6.800020424805915E-7 4.7029836865074876E-7
17.187325080663342 26.07973695166382 661.0 322.4999999999999 328.0 219.49999999999994 7.175904898416024E-7 4.4573597067721116E-7
-21.801409486351787 63.600653325640174 610.0000000000005 187.5 310.0 307.5 5.910842203574353E-7 4.913049516904501E-7
65.10097685770114 -29.737657869408753 538.0 452.5 401.99999999999994 159.50000000000006 6.753620428250975E-7 4.0158367054008107E-7
27.35479260658429 -7.535505703947949 645.0 383.49999999999994 328.0 219.49999999999994 7.487563763408703E-7 4.427220095926764E-7
81.84377098121021 -45.11231165995679 477.00000000000034 457.4999999999999 433.0000000000001 150.50000000000003 6.192580686237002E-7 4.1469198743699443E-7
-58.225802273714585 57.14585965324269 526.0000000000005 149.50000000000009 360.0000000000005 417.5 4.925472340575859E-7 5.582736286485718E-7
70.52969799053302 -45.564600291740305 507.0 456.5000000000001 401.99999999999994 159.50000000000006 6.329933297875706E-7 4.1750914826969817E-7
70.52969799053302 -45.564600291740305 507.0 456.5000000000001 401.99999999999994 159.50000000000006 6.298258136624412E-7 4.2061132758033134E-7
-26.949580836662417 50.430451077799034 610.0000000000005 187.5 312.99999999999966 338.4999999999999 6.214610920153333E-7 4.900821926529839E-7
70.52969799053302 -45.564600291740305 507.0 456.5000000000001 401.99999999999994 159.50000000000006 6.256307927914749E-7 4.2447680214065347E-7
43.34996060442209 -27.623903507831354 598.0 430.4999999999998 348.0 194.5 7.130003116720523E-7 4.338618571747361E-7
-26.949580836662417 50.430451077799034 610.0000000000005 187.5 312.99999999999966 338.4999999999999 6.172812253026271E-7 4.94820393902902E-7
70.52969799053302 -45.564600291740305 507.0 456.5000000000001 401.99999999999994 159.50000000000006 6.204142881082683E-7 4.305197117696496E-7
-11.700579462815833 31.187312064812133 648.0000000000001 237.49999999999991 310.0 307.5 6.580379083980569E-7 4.925810705976338E-7
81.84377098121021 -45.11231165995679 477.00000000000034 457.4999999999999 433.0000000000001 150.50000000000003 5.980175582706579E-7 4.370132212594436E-7
81.84377098121021 -45.11231165995679 477.00000000000034 457.4999999999999 433.0000000000001 150.50000000000003 5.97692321442321E-7 4.376864681989201E-7
-63.760952585133936 43.21775510499638 526.0000000000005 149.50000000000009 386.9999999999996 431.5 4.829912582599772E-7 5.65019665341148E-7
7.713581407721126 26.068875971675364 661.0 295.5 314.0 248.5 6.622877018335763E-7 5.06965372475171E-7
22.249023657212376 9.381680510630286 658.0 354.5 328.0 219.49999999999994 6.95127885915806E-7 4.934937802152235E-7
65.10097685770114 -29.737657869408753 538.0 452.5 401.99999999999994 159.50000000000006 6.331161908458124E-7 4.4426281010731067E-7
81.84377098121021 -45.11231165995679 477.00000000000034 457.4999999999999 433.0000000000001 150.50000000000003 6.070625997374567E-7 4.293567540195706E-7
17.187325080663342 26.07973695166382 661.0 322.4999999999999 328.0 219.49999999999994 6.852108353557237E-7 4.803846838154236E-7
59.63119383353322 -13.521569349537842 569.0 444.5 401.99999999999994 159.50000000000006 6.755758860244922E-7 4.263963987757036E-7
22.249023657212376 9.381680510630286 658.0 354.5 328.0 219.49999999999994 7.137245811780465E-7 4.747660242453938E-7
65.10097685770114 -29.737657869408753 538.0 452.5 401.99999999999994 159.50000000000006 6.598253135826516E-7 4.1741599287893973E-7
59.63119383353322 -13.521569349537842 569.0 444.5 401.99999999999994 159.50000000000006 6.865635035773781E-7 4.159093116961382E-7
32.47119229084848 7.401212142377156 645.0 383.49999999999994 348.0 194.5 7.291642857103983E-7 4.447252585086162E-7
59.63119383353322 -13.521569349537842 569.0 444.5 401.99999999999994 159.50000000000006 6.911684952953867E-7 4.114371830007048E-7
-36.591088267399336 52.505461071740726 584.9999999999995 171.5 321.0000000000001 367.4999999999999 5.39003710562366E-7 5.57048272394572E-7
17.187325080663342 26.07973695166382 661.0 322.4999999999999 328.0 219.49999999999994 7.07069460677112E-7 4.5626807422342807E-7
32.47119229084848 7.401212142377156 645.0 383.49999999999994 348.0 194.5 7.423030977228161E-7 4.3187253778040677E-7
54.12376923071043 -28.772586349483255 569.0 444.5 373.0000000000001 173.49999999999983 6.966208118880425E-7 4.199636227632634E-7
-58.225802273714585 57.14585965324269 526.0000000000005 149.50000000000009 360.0000000000005 417.5 4.782055578467863E-7 5.72802564395252E-7
65.10097685770114 -29.737657869408753 538.0 452.5 401.99999999999994 159.50000000000006 6.59016523144737E-7 4.1781508403173327E-7
-26.949580836662417 50.430451077799034 610.0000000000005 187.5 312.99999999999966 338.4999999999999 5.991220428445475E-7 5.124261464402031E-7
48.79829522039213 -12.227155688011102 598.0 430.4999999999998 373.0000000000001 173.49999999999983 7.041878695032702E-7 4.3494891143162515E-7
-2.139364792103531 28.577768038059403 657.9999999999997 265.4999999999999 310.0 278.4999999999999 6.740775590060493E-7 4.868064867640483E-7
-11.700579462815833 31.187312064812133 648.0000000000001 237.49999999999991 310.0 307.5 6.488215813645883E-7 5.018327521307384E-7
32.47119229084848 7.401212142377156 645.0 383.49999999999994 348.0 194.5 7.206574930035919E-7 4.5436463575219213E-7
-11.700579462815833 31.187312064812133 648.0000000000001 237.49999999999991 310.0 307.5 6.422810911119839E-7 5.083442621776004E-7
37.91807397602485 -10.181257747940068 624.0 409.5 348.0 194.5 7.069987427302981E-7 4.59761411555554E-7
87.72454356174575 -61.011456818509416 433.0000000000001 150.50000000000003 445.0000000000004 452.5000000000001 6.284747851390344E-7 3.792719634012282E-7
17.99590929724035 -65.8334167537117 624.0 409.5 310.0 307.5 6.673434065173808E-7 4.353702128329661E-7
69.88741171092448 -75.75632755715266 477.00000000000034 457.4999999999999 373.0000000000001 173.49999999999983 4.253527947480773E-7 5.833928541062383E-7
-74.74488129694215 44.24757707403954 496.00000000000034 146.49999999999986 414.9999999999999 443.5000000000001 6.4908696558234E-7 3.776425411535216E-7
43.033535431704244 -58.535495629707746 569.0 444.5 328.0 219.49999999999994 5.699829432145803E-7 5.292158769769144E-7
22.645773053673736 -53.31380870279636 624.0 409.5 310.0 278.4999999999999 6.507794471930478E-7 4.854121959736901E-7
17.402704131356288 -36.31044376721389 645.0 383.49999999999994 310.0 278.4999999999999 6.742011734061445E-7 4.96031473015798E-7
38.00696755269056 -42.48141701292123 598.0 430.4999999999998 328.0 219.49999999999994 5.945142741955165E-7 5.477250932518775E-7
-42.614055969611194 8.316020432908305 610.0000000000005 187.5 360.0000000000005 417.5 6.530207585606392E-7 4.7969029360388E-7
12.319445256636621 -19.53384959370676 658.0 354.5 310.0 278.4999999999999 6.508221296517539E-7 5.365450172684074E-7
-47.552898147171874 24.004271642556574 584.9999999999995 171.5 360.0000000000005 417.5 6.031053897214897E-7 5.104600321714162E-7
76.40516366592507 -29.982156456589152 507.0 456.5000000000001 433.0000000000001 150.50000000000003 5.050000000000004E-7 5.451019272678376E-7
-42.614055969611194 8.316020432908305 610.0000000000005 187.5 360.0000000000005 417.5 5.507293144347584E-7 5.816380126657613E-7
-6.881723630636976 15.319863338688387 657.9999999999997 265.4999999999999 310.0 307.5 5.671101206017115E-7 6.041637930966145E-7
-57.99461679191656 -3.974992050023602 584.9999999999995 171.5 414.9999999999999 443.5000000000001 5.160130273979946E-7 5.561799269221352E-7
82.10291128014885 -14.568579787830224 507.0 456.5000000000001 464.0 146.50000000000006 5.431415817057078E-7 5.024080899914816E-7
32.47119229084848 7.401212142377156 645.0 383.49999999999994 348.0 194.5 5.828402678073793E-7 5.907645705166972E-7
-31.726149210438248 5.862044763044083 632.0 211.4999999999999 336.0 394.4999999999999 5.147949969540197E-7 6.45404696467435E-7
87.96777659418767 1.445864232379019 507.0 456.5000000000001 496.00000000000034 146.49999999999986 5.652457675894427E-7 4.687601850745342E-7
-80.96051719664486 -2.0312731300760154 526.0000000000005 149.50000000000009 477.00000000000034 457.4999999999999 4.5758120105130575E-7 5.820008591058946E-7
-26.638696097335075 19.921969643602516 632.0 211.4999999999999 321.0000000000001 367.4999999999999 4.72208169725552E-7 6.881961122302916E-7
87.96777659418767 1.445864232379019 507.0 456.5000000000001 496.00000000000034 146.49999999999986 5.984818757118347E-7 4.3786413417862886E-7
-52.709333080033936 10.229222318991084 584.9999999999995 171.5 386.9999999999996 431.5 4.17535760278219E-7 6.723280449304499E-7
22.241895543351003 40.11548289116789 661.0 322.4999999999999 348.0 194.5 5.129137895938805E-7 6.153251173160413E-7
53.593016541030515 34.80775141576791 624.0 409.5 433.0000000000001 150.50000000000003 5.860342234981768E-7 4.868977761752914E-7
-2.139364792103531 28.577768038059403 657.9999999999997 265.4999999999999 310.0 278.4999999999999 4.5669403810915177E-7 7.043771874657939E-7
87.73204546409426 31.935360965918417 538.0 452.5 526.0000000000005 149.50000000000009 6.333881555219954E-7 3.7839206592574763E-7
76.23551313220462 32.63735476655063 569.0 444.5 496.00000000000034 146.49999999999986 6.257639775151295E-7 3.9695017879381866E-7
-69.14554196042174 -2.8924620366850515 556.9999999999999 158.5000000000001 445.0000000000004 452.5000000000001 3.4641417086744223E-7 7.035959225451936E-7
2.8291758376302747 42.25657153300449 657.9999999999997 265.4999999999999 314.0 248.5 4.3425862749697273E-7 7.13895806278635E-7
-6.91628947804252 44.2231728220512 648.0000000000001 237.49999999999991 310.0 278.4999999999999 3.967121822626019E-7 7.382430343577769E-7
22.95805548882147 66.94275907519251 661.0 295.5 373.0000000000001 173.49999999999983 4.5694942584248624E-7 5.880877674482118E-7
52.63055422538275 64.55656702286434 645.0 383.49999999999994 464.0 146.50000000000006 5.808638203381044E-7 4.146383966783586E-7
-80.47533202821003 -32.799904106056545 556.9999999999999 158.5000000000001 507.0 456.5000000000001 3.1125641448097946E-7 6.974975109473712E-7
32.18399780634129 66.71233319579765 661.0 322.4999999999999 401.99999999999994 159.50000000000006 4.879236051314224E-7 5.325123890055934E-7
-75.02088603411829 -18.49007721164914 556.9999999999999 158.5000000000001 477.00000000000034 457.4999999999999 2.9994906975092313E-7 7.319171932519257E-7
-52.709333080033936 10.229222318991084 584.9999999999995 171.5 386.9999999999996 431.5 2.95414022085012E-7 7.951956432923362E-7
-6.91628947804252 44.2231728220512 648.0000000000001 237.49999999999991 310.0 278.4999999999999 3.677597343677289E-7 7.676822982921457E-7
46.99456930124183 78.37098244878413 658.0 354.5 464.0 146.50000000000006 5.415025392368904E-7 4.106668019480295E-7
43.23580068284121 5.165092708136136 624.0 409.5 373.0000000000001 173.49999999999983 4.7536243482677973E-7 6.731043339961826E-7
65.17544523081666 1.9572003402715599 569.0 444.5 433.0000000000001 150.50000000000003 4.658355694639234E-7 6.157944281801983E-7
2.4470486423235966 -15.605414661241923 661.0 322.4999999999999 310.0 307.5 4.806506007486103E-7 6.904527500126276E-7
-75.02088603411829 -18.49007721164914 556.9999999999999 158.5000000000001 477.00000000000034 457.4999999999999 5.416666666666662E-7 4.901502037357748E-7
17.12613410644049 -5.556155789991714 658.0 354.5 314.0 248.5 4.863383595810637E-7 7.141525669553313E-7
-86.4585241359195 -16.65380387449437 526.0000000000005 149.50000000000009 507.0 456.5000000000001 5.624672829991485E-7 4.628684718386234E-7
-46.913401285751895 -35.94790043780107 632.0 211.4999999999999 414.9999999999999 443.5000000000001 5.247353830477058E-7 5.364932432006955E-7
-80.47533202821003 -32.799904106056545 556.9999999999999 158.5000000000001 507.0 456.5000000000001 5.578355990393183E-7 4.528950086818017E-7
-7.043947029796903 -15.277492580321306 661.0 295.5 312.99999999999966 338.4999999999999 4.880602194174176E-7 6.822206387965711E-7
-46.913401285751895 -35.94790043780107 632.0 211.4999999999999 414.9999999999999 443.5000000000001 5.339293544613892E-7 5.262471958225637E-7
27.35479260658429 -7.535505703947949 645.0 383.49999999999994 328.0 219.49999999999994 4.689142304894953E-7 7.212046249928735E-7
65.17544523081666 1.9572003402715599 569.0 444.5 433.0000000000001 150.50000000000003 4.366952916826306E-7 6.439914595706994E-7
70.59014201919837 17.05768601115093 569.0 444.5 464.0 146.50000000000006 4.354595273960601E-7 6.182524655115504E-7
27.35479260658429 -7.535505703947949 645.0 383.49999999999994 328.0 219.49999999999994 4.5392424722878834E-7 7.358838223524146E-7
-86.4585241359195 -16.65380387449437 526.0000000000005 149.50000000000009 507.0 456.5000000000001 5.783429394014897E-7 4.490267252625397E-7
-80.47533202821003 -32.799904106056545 556.9999999999999 158.5000000000001 507.0 456.5000000000001 5.579849659464149E-7 4.4948427237347415E-7
-27.02463313460804 -41.05802895644027 657.9999999999997 265.4999999999999 360.0000000000005 417.5 4.786119978066195E-7 6.383681452648518E-7
70.59014201919837 17.05768601115093 569.0 444.5 464.0 146.50000000000006 4.348211637494712E-7 6.184141905803189E-7
-58.091893064346856 -33.91583405113792 610.0000000000005 187.5 445.0000000000004 452.5000000000001 5.211658938273779E-7 5.194040388325404E-7
-46.913401285751895 -35.94790043780107 632.0 211.4999999999999 414.9999999999999 443.5000000000001 5.009019642382909E-7 5.582139175780002E-7
-46.913401285751895 -35.94790043780107 632.0 211.4999999999999 414.9999999999999 443.5000000000001 4.985228179331416E-7 5.60696491477837E-7
7.145106032339758 -2.2996655943455155 661.0 322.4999999999999 310.0 278.4999999999999 4.4704275211910346E-7 7.346295362667878E-7
59.48976259388445 18.17692307692317 598.0 430.4999999999998 433.0000000000001 150.50000000000003 4.5935038671778347E-7 6.241015764903799E-7
32.47119229084848 7.401212142377156 645.0 383.49999999999994 348.0 194.5 4.627604371834547E-7 7.109481150001188E-7
48.39492354211826 20.012493637623866 624.0 409.5 401.99999999999994 159.50000000000006 4.631564410530084E-7 6.525867332733975E-7
-1.9580674292340416 -1.003687109943218 661.0 295.5 310.0 307.5 4.5626807422342797E-7 7.167616216164355E-7
-7.043947029796903 -15.277492580321306 661.0 295.5 312.99999999999966 338.4999999999999 4.5958012238225544E-7 7.092817180468964E-7
-32.00538320808354 -25.439949120152722 648.0000000000001 237.49999999999991 360.0000000000005 417.5 4.83359194710426E-7 6.490270495989433E-7
-52.7027955755062 -19.336006686625485 610.0000000000005 187.5 414.9999999999999 443.5000000000001 5.074254187125005E-7 5.656093076399021E-7
70.59014201919837 17.05768601115093 569.0 444.5 464.0 146.50000000000006 4.7518709765499503E-7 5.781700057557079E-7
-26.71177500363084 -10.696443754574547 648.0000000000001 237.49999999999991 336.0 394.4999999999999 4.977979286595901E-7 6.674682680763847E-7
-75.02088603411829 -18.49007721164914 556.9999999999999 158.5000000000001 477.00000000000034 457.4999999999999 5.255288341809183E-7 5.062086745821545E-7
-26.71177500363084 -10.696443754574547 648.0000000000001 237.49999999999991 336.0 394.4999999999999 5.039979056393879E-7 6.616750629190198E-7
43.23580068284121 5.165092708136136 624.0 409.5 373.0000000000001 173.49999999999983 4.7585303520216317E-7 6.729557522188547E-7
37.91807397602485 -10.181257747940068 624.0 409.5 348.0 194.5 4.7146638857457866E-7 6.957589780632051E-7
54.123769230710366 2.9301812971520653 598.0 430.4999999999998 401.99999999999994 159.50000000000006 4.5822422943843105E-7 6.566857019237674E-7
54.123769230710366 2.9301812971520653 598.0 430.4999999999998 401.99999999999994 159.50000000000006 4.563167759353139E-7 6.586707995821753E-7
37.91807397602485 -10.181257747940068 624.0 409.5 348.0 194.5 4.592415244484951E-7 7.085293846333325E-7
54.123769230710366 2.9301812971520653 598.0 430.4999999999998 401.99999999999994 159.50000000000006 4.525514089888321E-7 6.626734573763394E-7
-21.832081742261796 -26.732669219022018 657.9999999999997 265.4999999999999 336.0 394.4999999999999 4.828301978956983E-7 6.734756450269336E-7
-86.4585241359195 -16.65380387449437 526.0000000000005 149.50000000000009 507.0 456.5000000000001 5.616765577764085E-7 4.6554925744878107E-7
32.47119229084848 7.401212142377156 645.0 383.49999999999994 348.0 194.5 4.485934809057205E-7 7.257658789934335E-7
17.12613410644049 -5.556155789991714 658.0 354.5 314.0 248.5 4.528950086818013E-7 7.469809606379239E-7
-41.9225446005756 -22.34423834724316 632.0 211.4999999999999 386.9999999999996 431.5 4.86738008469535E-7 6.118028912793556E-7
-21.832081742261796 -26.732669219022018 657.9999999999997 265.4999999999999 336.0 394.4999999999999 4.6563278330556576E-7 6.909031930901912E-7
82.18470645323319 16.91008686364011 538.0 452.5 496.00000000000034 146.49999999999986 4.633962786979532E-7 5.672178691747215E-7
-63.51656668725006 -18.77721845196691 584.9999999999995 171.5 445.0000000000004 452.5000000000001 5.153882032022069E-7 5.33148405439069E-7
2.4470486423235966 -15.605414661241923 661.0 322.4999999999999 310.0 307.5 4.6087175849446204E-7 7.103305177482131E-7
-7.043947029796903 -15.277492580321306 661.0 295.5 312.99999999999966 338.4999999999999 4.707234385024348E-7 6.98126461005137E-7
-32.00538320808354 -25.439949120152722 648.0000000000001 237.49999999999991 360.0000000000005 417.5 4.970608055806099E-7 6.351924467784883E-7
12.319445256636621 -19.53384959370676 658.0 354.5 310.0 278.4999999999999 4.826000184187499E-7 7.066450468390918E-7
-11.956584243149118 -28.952069256165412 661.0 295.5 321.0000000000001 367.4999999999999 4.806390422020343E-7 6.804512391706611E-7
-75.02088603411829 -18.49007721164914 556.9999999999999 158.5000000000001 477.00000000000034 457.4999999999999 5.360477797941352E-7 4.95684151227147E-7
-52.7027955755062 -19.336006686625485 610.0000000000005 187.5 414.9999999999999 443.5000000000001 5.27333438685199E-7 5.453872222762674E-7
27.35479260658429 -7.535505703947949 645.0 383.49999999999994 328.0 219.49999999999994 4.943149018816064E-7 6.954315207121404E-7
12.319445256636621 -19.53384959370676 658.0 354.5 310.0 278.4999999999999 4.977309625802991E-7 6.907986521250443E-7
76.40516366592502 1.0895094464042552 538.0 452.5 464.0 146.50000000000006 4.619794367718113E-7 5.890694167734203E-7
-36.62323837223596 -38.128490464874865 648.0000000000001 237.49999999999991 386.9999999999996 431.5 5.193612529936283E-7 5.699829432145813E-7
-11.956584243149118 -28.952069256165412 661.0 295.5 321.0000000000001 367.4999999999999 4.962218365923764E-7 6.633354271323734E-7
-86.44698028475887 45.44352955757683 464.0 146.50000000000006 445.0000000000004 452.5000000000001 3.8976132297713784E-7 6.32378666447389E-7
-86.44698028475887 45.44352955757683 464.0 146.50000000000006 445.0000000000004 452.5000000000001 3.9640397464090964E-7 6.25719585757071E-7
-16.601246987170832 47.09737994326154 632.0 211.4999999999999 310.0 307.5 6.205217338838523E-7 4.995358957183268E-7
59.63119383353322 -13.521569349537842 569.0 444.5 401.99999999999994 159.50000000000006 7.068101269475103E-7 3.96614142180757E-7
-16.601246987170832 47.09737994326154 632.0 211.4999999999999 310.0 307.5 6.288636135478381E-7 4.913049516904501E-7
-41.52788338241366 68.14147875428073 556.9999999999999 158.5000000000001 321.0000000000001 367.4999999999999 5.151186486841858E-7 5.390037105623666E-7
27.35479260658429 -7.535505703947949 645.0 383.49999999999994 328.0 219.49999999999994 7.487563763408703E-7 4.427220095926764E-7
-46.87993054433944 55.113817988917056 556.9999999999999 158.5000000000001 336.0 394.4999999999999 5.29373319228605E-7 5.483738586848288E-7
87.72454356174575 -61.011456818509416 445.0000000000004 452.5000000000001 433.0000000000001 150.50000000000003 5.917511676747624E-7 4.180011961705371E-7
70.52969799053302 -45.564600291740305 507.0 456.5000000000001 401.99999999999994 159.50000000000006 6.329933297875706E-7 4.1750914826969817E-7
54.12376923071043 -28.772586349483255 569.0 444.5 373.0000000000001 173.49999999999983 6.887770966639997E-7 4.2605750785545394E-7
7.713581407721126 26.068875971675364 661.0 295.5 314.0 248.5 7.157144837309235E-7 4.5410779434941313E-7
-16.601246987170832 47.09737994326154 632.0 211.4999999999999 310.0 307.5 6.595642500924381E-7 4.631804304060256E-7
12.038363611449785 11.574036164750359 661.0 322.4999999999999 314.0 248.5 7.279213174818033E-7 4.5484124214450426E-7
-2.139364792103531 28.577768038059403 657.9999999999997 265.4999999999999 310.0 278.4999999999999 6.981185031528979E-7 4.6333633092555517E-7
-80.63155391689415 60.50696157254854 464.0 146.50000000000006 414.9999999999999 443.5000000000001 4.4378736149446844E-7 5.613104706349642E-7
37.91807397602485 -10.181257747940068 624.0 409.5 348.0 194.5 7.117369208102418E-7 4.544746662050837E-7
27.35479260658429 -7.535505703947949 645.0 383.49999999999994 328.0 219.49999999999994 7.111512575473033E-7 4.795976322803199E-7
-52.74273666763805 40.29563713812625 556.9999999999999 158.5000000000001 360.0000000000005 417.5 5.156360689047606E-7 5.694271000068587E-7
27.35479260658429 -7.535505703947949 645.0 383.49999999999994 328.0 219.49999999999994 7.053466444868712E-7 4.856753602516352E-7
76.40516366592507 -29.982156456589152 507.0 456.5000000000001 433.0000000000001 150.50000000000003 6.095740771682767E-7 4.398516163940338E-7
27.35479260658429 -7.535505703947949 645.0 383.49999999999994 328.0 219.49999999999994 6.966686602842287E-7 4.948203939029012E-7
-31.916193087857 37.337901567583366 610.0000000000005 187.5 321.0000000000001 367.4999999999999 5.725794462100641E-7 5.623289863495286E-7
-46.87993054433944 55.113817988917056 556.9999999999999 158.5000000000001 336.0 394.4999999999999 5.068009690423073E-7 5.744683532527171E-7
-52.74273666763805 40.29563713812625 556.9999999999999 158.5000000000001 360.0000000000005 417.5 5.036671078753853E-7 5.814373951204406E-7
-86.44698028475887 45.44352955757683 464.0 146.50000000000006 445.0000000000004 452.5000000000001 4.284500489490511E-7 5.940655594199088E-7
48.79829522039213 -12.227155688011102 598.0 430.4999999999998 373.0000000000001 173.49999999999983 6.958228542125097E-7 4.427722012753537E-7
-52.74273666763805 40.29563713812625 556.9999999999999 158.5000000000001 360.0000000000005 417.5 4.973289767458866E-7 5.893805599478518E-7
48.79829522039213 -12.227155688011102 598.0 430.4999999999998 373.0000000000001 173.49999999999983 7.074229443707784E-7 4.311644440092178E-7
-2.139364792103531 28.577768038059403 657.9999999999997 265.4999999999999 310.0 278.4999999999999 6.701678894127937E-7 4.908184774209074E-7
76.40516366592507 -29.982156456589152 507.0 456.5000000000001 433.0000000000001 150.50000000000003 6.477074957108343E-7 4.0237144254752677E-7
-26.949580836662417 50.430451077799034 610.0000000000005 187.5 312.99999999999966 338.4999999999999 5.792356074076337E-7 5.31447185627238E-7
17.187325080663342 26.07973695166382 661.0 322.4999999999999 328.0 219.49999999999994 7.111512575473033E-7 4.519740651359939E-7
-86.44698028475887 45.44352955757683 445.0000000000004 452.5000000000001 464.0 146.50000000000006 6.090726101578077E-7 4.1301398953976776E-7
-2.139364792103531 28.577768038059403 657.9999999999997 265.4999999999999 310.0 278.4999999999999 6.837904974803635E-7 4.770191004794486E-7
81.84377098121021 -45.11231165995679 477.00000000000034 457.4999999999999 433.0000000000001 150.50000000000003 6.168760905652859E-7 4.1702984172465254E-7
-36.591088267399336 52.505461071740726 584.9999999999995 171.5 321.0000000000001 367.4999999999999 5.591287865957169E-7 5.372796706040941E-7
7.713581407721126 26.068875971675364 661.0 295.5 314.0 248.5 6.834247906276479E-7 4.847823108250639E-7
7.713581407721126 26.068875971675364 661.0 295.5 314.0 248.5 6.801082430188758E-7 4.880602194174176E-7
27.35479260658429 -7.535505703947949 645.0 383.49999999999994 328.0 219.49999999999994 7.177762727882398E-7 4.7423915673189396E-7
-2.139364792103531 28.577768038059403 657.9999999999997 265.4999999999999 310.0 278.4999999999999 6.607592434296899E-7 5.00136092589918E-7
69.88741171092448 -75.75632755715266 477.00000000000034 457.4999999999999 373.0000000000001 173.49999999999983 4.1689660322168344E-7 5.914788434274067E-7
37.54686851156963 -72.51825871851361 569.0 444.5 314.0 248.5 5.65353871482278E-7 5.07053032510188E-7
-47.552898147171874 24.004271642556574 584.9999999999995 171.5 360.0000000000005 417.5 7.353702771015721E-7 3.7603560706105596E-7
47.97205591423474 -73.8705791523247 538.0 452.5 328.0 219.49999999999994 5.15151002673542E-7 5.315203560437634E-7
37.54686851156963 -72.51825871851361 569.0 444.5 314.0 248.5 5.699829432145803E-7 5.058134262969126E-7
17.402704131356288 -36.31044376721389 645.0 383.49999999999994 310.0 278.4999999999999 6.850081102520692E-7 4.854121959736901E-7
-86.44698028475887 45.44352955757683 464.0 146.50000000000006 445.0000000000004 452.5000000000001 5.896915389516038E-7 4.3229683731847474E-7
81.84377098121021 -45.11231165995679 477.00000000000034 457.4999999999999 433.0000000000001 150.50000000000003 4.6268840006591403E-7 5.711124621687433E-7
12.319445256636621 -19.53384959370676 658.0 354.5 310.0 278.4999999999999 6.619101147436863E-7 5.2589870169496E-7
22.18833614129172 -22.557031827431445 645.0 383.49999999999994 314.0 248.5 6.369567402021026E-7 5.547697219968339E-7
-21.680468706576555 3.40301872836604 648.0000000000001 237.49999999999991 321.0000000000001 367.4999999999999 6.401323647843819E-7 5.331275644721434E-7
-31.726149210438248 5.862044763044083 632.0 211.4999999999999 336.0 394.4999999999999 6.086163725113621E-7 5.513946963030302E-7
37.91807397602485 -10.181257747940068 624.0 409.5 348.0 194.5 5.857307876111307E-7 5.804715516045746E-7
-52.709333080033936 10.229222318991084 584.9999999999995 171.5 386.9999999999996 431.5 5.346676018279427E-7 5.547396786882222E-7
-52.709333080033936 10.229222318991084 584.9999999999995 171.5 386.9999999999996 431.5 5.253385152028686E-7 5.640946532079335E-7
22.249023657212376 9.381680510630286 658.0 354.5 328.0 219.49999999999994 5.835451996203893E-7 6.062384019509157E-7
-63.51542037044892 12.084804902953799 556.9999999999999 158.5000000000001 414.9999999999999 443.5000000000001 4.967030188038808E-7 5.651966226210334E-7
54.123769230710366 2.9301812971520653 598.0 430.4999999999998 401.99999999999994 159.50000000000006 5.733551352443879E-7 5.415230578860167E-7
-16.777667097028065 17.11802826715233 648.0000000000001 237.49999999999991 312.99999999999966 338.4999999999999 5.138768767364852E-7 6.529697117358858E-7
48.39492354211826 20.012493637623866 624.0 409.5 401.99999999999994 159.50000000000006 5.763896251668658E-7 5.39075855309601E-7
-86.4585241359195 -16.65380387449437 526.0000000000005 149.50000000000009 507.0 456.5000000000001 4.3911843504913333E-7 5.883427761281875E-7
-37.07011504699528 23.456467150374433 610.0000000000005 187.5 336.0 394.4999999999999 4.4486265046391434E-7 7.026240499410443E-7
-69.14554196042174 -2.8924620366850515 556.9999999999999 158.5000000000001 445.0000000000004 452.5000000000001 4.1199042599447706E-7 6.367124765369198E-7
-80.96051719664486 -2.0312731300760154 526.0000000000005 149.50000000000009 477.00000000000034 457.4999999999999 4.063694268902509E-7 6.351137255991588E-7
70.59014201919837 17.05768601115093 569.0 444.5 464.0 146.50000000000006 6.069436181026665E-7 4.4797383356124206E-7
-21.70844724313479 33.398753997684636 632.0 211.4999999999999 312.99999999999966 338.4999999999999 4.136725758374613E-7 7.33153387013175E-7
-69.14554196042174 -2.8924620366850515 556.9999999999999 158.5000000000001 445.0000000000004 452.5000000000001 3.6528907882813956E-7 6.843589863676972E-7
-37.07011504699528 23.456467150374433 610.0000000000005 187.5 336.0 394.4999999999999 3.767588382801697E-7 7.693955058644703E-7
-80.47533202821003 -32.799904106056545 556.9999999999999 158.5000000000001 507.0 456.5000000000001 3.505749246277854E-7 6.613727306813377E-7
27.355287679507196 53.996676532991415 661.0 322.4999999999999 373.0000000000001 173.49999999999983 4.957177736485862E-7 5.85531572353039E-7
-11.700579462815833 31.187312064812133 648.0000000000001 237.49999999999991 310.0 307.5 4.0524683835904305E-7 7.45909214017065E-7
-16.601246987170832 47.09737994326154 632.0 211.4999999999999 310.0 307.5 3.6706417846353684E-7 7.555002022207245E-7
-6.91628947804252 44.2231728220512 648.0000000000001 237.49999999999991 310.0 278.4999999999999 3.929836015804113E-7 7.419437684592785E-7
87.73204546409426 31.935360965918417 538.0 452.5 526.0000000000005 149.50000000000009 6.75205729965155E-7 3.3581162047261584E-7
58.68513166552945 49.02455356708263 624.0 409.5 464.0 146.50000000000006 6.133718285020921E-7 4.137397195768802E-7
-80.47533202821003 -32.799904106056545 556.9999999999999 158.5000000000001 507.0 456.5000000000001 3.072141851470327E-7 7.012389828803813E-7
70.24399900253547 48.12078489075285 598.0 430.4999999999998 496.00000000000034 146.49999999999986 6.487958932600531E-7 3.5746406190770506E-7
-1.8863049496044388 57.594521816678174 648.0000000000001 237.49999999999991 314.0 248.5 3.71083249120434E-7 7.43380043375452E-7
52.63055422538275 64.55656702286434 645.0 383.49999999999994 464.0 146.50000000000006 5.807586035140207E-7 4.133366935347285E-7
-16.601246987170832 47.09737994326154 632.0 211.4999999999999 310.0 307.5 3.3263677220388955E-7 7.880372946617297E-7
-52.7027955755062 -19.336006686625485 610.0000000000005 187.5 414.9999999999999 443.5000000000001 5.167338665975841E-7 5.562398563369748E-7
-21.832081742261796 -26.732669219022018 657.9999999999997 265.4999999999999 336.0 394.4999999999999 4.907279173726393E-7 6.664103673996809E-7
-75.02088603411829 -18.49007721164914 556.9999999999999 158.5000000000001 477.00000000000034 457.4999999999999 5.384365226179297E-7 4.933586705205222E-7
54.123769230710366 2.9301812971520653 598.0 430.4999999999998 401.99999999999994 159.50000000000006 4.675141114923098E-7 6.473643143976624E-7
2.4470486423235966 -15.605414661241923 661.0 322.4999999999999 310.0 307.5 4.803499881452181E-7 6.907262683420819E-7
12.319445256636621 -19.53384959370676 658.0 354.5 310.0 278.4999999999999 4.85492304550523E-7 7.024500773087802E-7
-32.00538320808354 -25.439949120152722 648.0000000000001 237.49999999999991 360.0000000000005 417.5 5.142767305211816E-7 6.178030070787562E-7
27.35479260658429 -7.535505703947949 645.0 383.49999999999994 328.0 219.49999999999994 4.7481282862010175E-7 7.151010029670246E-7
54.123769230710366 2.9301812971520653 598.0 430.4999999999998 401.99999999999994 159.50000000000006 4.513344411606289E-7 6.635866350539485E-7
-52.7027955755062 -19.336006686625485 610.0000000000005 187.5 414.9999999999999 443.5000000000001 5.478163723162887E-7 5.262471958225637E-7
-46.913401285751895 -35.94790043780107 632.0 211.4999999999999 414.9999999999999 443.5000000000001 5.315412600270194E-7 5.284069349364081E-7
2.4470486423235966 -15.605414661241923 661.0 322.4999999999999 310.0 307.5 4.7000295507345245E-7 7.019041561669545E-7
17.12613410644049 -5.556155789991714 658.0 354.5 314.0 248.5 4.6858237743692884E-7 7.333276514931401E-7
-11.956584243149118 -28.952069256165412 661.0 295.5 321.0000000000001 367.4999999999999 4.6904453709405657E-7 6.894784663465241E-7
54.123769230710366 2.9301812971520653 598.0 430.4999999999998 401.99999999999994 159.50000000000006 4.331441894899299E-7 6.820007331374359E-7
-86.4585241359195 -16.65380387449437 526.0000000000005 149.50000000000009 507.0 456.5000000000001 5.78333333333333E-7 4.4948427237347415E-7
82.18470645323319 16.91008686364011 538.0 452.5 496.00000000000034 146.49999999999986 4.3683520920365385E-7 5.934854673873661E-7
43.23580068284121 5.165092708136136 624.0 409.5 373.0000000000001 173.49999999999983 4.3768646819892034E-7 7.108074438427205E-7
43.23580068284121 5.165092708136136 624.0 409.5 373.0000000000001 173.49999999999983 4.399400211645017E-7 7.085058613417081E-7
12.319445256636621 -19.53384959370676 658.0 354.5 310.0 278.4999999999999 4.5241635199841703E-7 7.358234238668345E-7
7.145106032339758 -2.2996655943455155 661.0 322.4999999999999 310.0 278.4999999999999 4.469184613675196E-7 7.352191661145826E-7
-11.956584243149118 -28.952069256165412 661.0 295.5 321.0000000000001 367.4999999999999 4.523795112759001E-7 7.069987427302977E-7
32.47119229084848 7.401212142377156 645.0 383.49999999999994 348.0 194.5 4.564871910092938E-7 7.174124027054143E-7
-46.913401285751895 -35.94790043780107 632.0 211.4999999999999 414.9999999999999 443.5000000000001 4.891971881449127E-7 5.710735504293651E-7
-1.9580674292340416 -1.003687109943218 661.0 295.5 310.0 307.5 4.5334865170197654E-7 7.201562330494683E-7
-21.832081742261796 -26.732669219022018 657.9999999999997 265.4999999999999 336.0 394.4999999999999 4.6540603539036413E-7 6.917951687859314E-7
43.23580068284121 5.165092708136136 624.0 409.5 373.0000000000001 173.49999999999983 4.655134560652117E-7 6.832134041099865E-7
7.145106032339758 -2.2996655943455155 661.0 322.4999999999999 310.0 278.4999999999999 4.615944588537046E-7 7.182173146834537E-7
-7.043947029796903 -15.277492580321306 661.0 295.5 312.99999999999966 338.4999999999999 4.7614481923978644E-7 6.927581748986369E-7
43.23580068284121 5.165092708136136 624.0 409.5 373.0000000000001 173.49999999999983 4.823351762231552E-7 6.660935036130856E-7
-32.00538320808354 -25.439949120152722 648.0000000000001 237.49999999999991 360.0000000000005 417.5 5.007022845741552E-7 6.323786664473873E-7
27.35479260658429 -7.535505703947949 645.0 383.49999999999994 328.0 219.49999999999994 4.871031147964919E-7 7.028770241735827E-7
-41.9225446005756 -22.34423834724316 632.0 211.4999999999999 386.9999999999996 431.5 5.157222551378257E-7 5.818767528915008E-7
2.4470486423235966 -15.605414661241923 661.0 322.4999999999999 310.0 307.5 4.803499881452181E-7 6.907262683420819E-7
-58.091893064346856 -33.91583405113792 610.0000000000005 187.5 445.0000000000004 452.5000000000001 5.322306308776726E-7 5.101116435535349E-7
-41.9225446005756 -22.34423834724316 632.0 211.4999999999999 386.9999999999996 431.5 5.175932551509709E-7 5.802896786184572E-7
87.73204546409426 31.935360965918417 538.0 452.5 526.0000000000005 149.50000000000009 4.523303856450258E-7 5.620226369501892E-7
82.18470645323319 16.91008686364011 538.0 452.5 496.00000000000034 146.49999999999986 4.519003085735712E-7 5.777085962855517E-7
-52.7027955755062 -19.336006686625485 610.0000000000005 187.5 414.9999999999999 443.5000000000001 5.24661266384746E-7 5.497398374584921E-7
-21.832081742261796 -26.732669219022018 657.9999999999997 265.4999999999999 336.0 394.4999999999999 4.828301978956983E-7 6.734756450269336E-7
70.59014201919837 17.05768601115093 569.0 444.5 464.0 146.50000000000006 4.4644584093581706E-7 6.067513677135158E-7
-69.31234142956528 -34.12358802318839 584.9999999999995 171.5 477.00000000000034 457.4999999999999 5.252115975701809E-7 4.939663731245044E-7
-69.31234142956528 -34.12358802318839 584.9999999999995 171.5 477.00000000000034 457.4999999999999 5.208886637276717E-7 4.982329887824675E-7
43.23580068284121 5.165092708136136 624.0 409.5 373.0000000000001 173.49999999999983 4.490267252625393E-7 6.995812239396431E-7
-58.091893064346856 -33.91583405113792 610.0000000000005 187.5 445.0000000000004 452.5000000000001 5.025076008269823E-7 5.382198022699975E-7
-7.043947029796903 -15.277492580321306 661.0 295.5 312.99999999999966 338.4999999999999 4.5090341414641E-7 7.179929588017492E-7
-80.47533202821003 -32.799904106056545 556.9999999999999 158.5000000000001 507.0 456.5000000000001 5.28533085267348E-7 4.792036217633497E-7
-32.00538320808354 -25.439949120152722 648.0000000000001 237.49999999999991 360.0000000000005 417.5 4.828301978956996E-7 6.492495668077093E-7
2.4470486423235966 -15.605414661241923 661.0 322.4999999999999 310.0 307.5 4.6087175849446204E-7 7.103305177482131E-7
-86.4585241359195 -16.65380387449437 526.0000000000005 149.50000000000009 507.0 456.5000000000001 5.485865676647779E-7 4.772868925266838E-7
82.18470645323319 16.91008686364011 538.0 452.5 496.00000000000034 146.49999999999986 4.655492574487807E-7 5.64035558374746E-7
-52.7027955755062 -19.336006686625485 610.0000000000005 187.5 414.9999999999999 443.5000000000001 5.194361258989308E-7 5.536369648866389E-7
-41.9225446005756 -22.34423834724316 632.0 211.4999999999999 386.9999999999996 431.5 5.11014785609097E-7 5.86583800965861E-7
-7.043947029796903 -15.277492580321306 661.0 295.5 312.99999999999966 338.4999999999999 4.872513610949577E-7 6.815770112189991E-7
-21.832081742261796 -26.732669219022018 657.9999999999997 265.4999999999999 336.0 394.4999999999999 5.033360927076672E-7 6.542277041587957E-7
-75.02088603411829 -18.49007721164914 556.9999999999999 158.5000000000001 477.00000000000034 457.4999999999999 5.377860995683027E-7 4.939776198259272E-7
17.12613410644049 -5.556155789991714 658.0 354.5 314.0 248.5 4.977309625802991E-7 7.025528845258238E-7
12.319445256636621 -19.53384959370676 658.0 354.5 310.0 278.4999999999999 4.968595822206153E-7 6.913935203630419E-7
-86.4585241359195 -16.65380387449437 526.0000000000005 149.50000000000009 507.0 456.5000000000001 5.597643353332819E-7 4.655850560793858E-7
54.123769230710366 2.9301812971520653 598.0 430.4999999999998 401.99999999999994 159.50000000000006 4.6533440783065953E-7 6.496516160391061E-7
-58.225802273714585 57.14585965324269 526.0000000000005 149.50000000000009 360.0000000000005 417.5 4.480358368603025E-7 6.028289788802266E-7
76.40516366592507 -29.982156456589152 507.0 456.5000000000001 433.0000000000001 150.50000000000003 6.623296426671209E-7 3.8803278784716674E-7
-21.801409486351787 63.600653325640174 610.0000000000005 187.5 310.0 307.5 5.866027427295063E-7 4.954150897087321E-7
81.84377098121021 -45.11231165995679 477.00000000000034 457.4999999999999 433.0000000000001 150.50000000000003 6.371398764966936E-7 3.967541920243424E-7
-80.63155391689415 60.50696157254854 464.0 146.50000000000006 414.9999999999999 443.5000000000001 4.143032973827532E-7 5.899835214271295E-7
-86.44698028475887 45.44352955757683 464.0 146.50000000000006 445.0000000000004 452.5000000000001 4.2092820712748085E-7 6.018974626591776E-7
54.12376923071043 -28.772586349483255 569.0 444.5 373.0000000000001 173.49999999999983 6.969078529874344E-7 4.1800119617053755E-7
37.91807397602485 -10.181257747940068 624.0 409.5 348.0 194.5 7.383634305378047E-7 4.279180866578192E-7
27.35479260658429 -7.535505703947949 645.0 383.49999999999994 328.0 219.49999999999994 7.480734515332627E-7 4.421192649551075E-7
59.400021306791096 -44.920562869102035 538.0 452.5 373.0000000000001 173.49999999999983 6.560085534672716E-7 4.26826142071401E-7
-46.87993054433944 55.113817988917056 556.9999999999999 158.5000000000001 336.0 394.4999999999999 5.461099807832764E-7 5.316666666666664E-7
-69.0703397262808 58.56958825918587 496.00000000000034 146.49999999999986 386.9999999999996 431.5 4.709004376959348E-7 5.462625538857468E-7
87.72454356174575 -61.011456818509416 445.0000000000004 452.5000000000001 433.0000000000001 150.50000000000003 5.78487011282209E-7 4.316409258734495E-7
-74.74488129694215 44.24757707403954 496.00000000000034 146.49999999999986 414.9999999999999 443.5000000000001 4.664433989718851E-7 5.613104706349642E-7
-11.700579462815833 31.187312064812133 648.0000000000001 237.49999999999991 310.0 307.5 6.580379083980569E-7 4.925810705976338E-7
27.35479260658429 -7.535505703947949 645.0 383.49999999999994 328.0 219.49999999999994 7.111512575473033E-7 4.795976322803199E-7
-69.0703397262808 58.56958825918587 496.00000000000034 146.49999999999986 386.9999999999996 431.5 4.576783198322214E-7 5.635724344650734E-7
81.84377098121021 -45.11231165995679 477.00000000000034 457.4999999999999 433.0000000000001 150.50000000000003 5.973855073940479E-7 4.383840274868091E-7
-52.74273666763805 40.29563713812625 556.9999999999999 158.5000000000001 360.0000000000005 417.5 5.073816227565899E-7 5.773334295611919E-7
-74.74488129694215 44.24757707403954 496.00000000000034 146.49999999999986 414.9999999999999 443.5000000000001 4.511251366183108E-7 5.753380648704633E-7
-74.74488129694215 44.24757707403954 496.00000000000034 146.49999999999986 414.9999999999999 443.5000000000001 4.519248954318757E-7 5.744006538219743E-7
-80.5376777919744 29.180820246700563 496.00000000000034 146.49999999999986 445.0000000000004 452.5000000000001 4.462964883970702E-7 5.910560229134143E-7
87.60639303271512 -29.557789485851437 477.00000000000034 457.4999999999999 464.0 146.50000000000006 6.106667576419143E-7 4.284500489490511E-7
-16.601246987170832 47.09737994326154 632.0 211.4999999999999 310.0 307.5 6.08881031984994E-7 5.130545779934138E-7
-58.225802273714585 57.14585965324269 526.0000000000005 149.50000000000009 360.0000000000005 417.5 4.6249624623101347E-7 5.893805599478518E-7
7.713581407721126 26.068875971675364 661.0 295.5 314.0 248.5 6.81577011218998E-7 4.858240422210494E-7
48.79829522039213 -12.227155688011102 598.0 430.4999999999998 373.0000000000001 173.49999999999983 7.099315303448474E-7 4.286574649090138E-7
-46.87993054433944 55.113817988917056 556.9999999999999 158.5000000000001 336.0 394.4999999999999 4.992466546930702E-7 5.787078518369848E-7
-36.591088267399336 52.505461071740726 584.9999999999995 171.5 321.0000000000001 367.4999999999999 5.39003710562366E-7 5.57048272394572E-7
54.12376923071043 -28.772586349483255 569.0 444.5 373.0000000000001 173.49999999999983 6.985799087354924E-7 4.192486665982906E-7
-80.63155391689415 60.50696157254854 464.0 146.50000000000006 414.9999999999999 443.5000000000001 4.0278544054013544E-7 6.032527570503838E-7
-36.591088267399336 52.505461071740726 584.9999999999995 171.5 321.0000000000001 367.4999999999999 5.443370075401602E-7 5.516767370682053E-7
65.10097685770114 -29.737657869408753 538.0 452.5 401.99999999999994 159.50000000000006 6.696786128020249E-7 4.0707970827454515E-7
-69.0703397262808 58.56958825918587 496.00000000000034 146.49999999999986 386.9999999999996 431.5 4.453619002813588E-7 5.72307706667586E-7
27.35479260658429 -7.535505703947949 645.0 383.49999999999994 328.0 219.49999999999994 7.367665844757075E-7 4.545480050433496E-7
54.12376923071043 -28.772586349483255 569.0 444.5 373.0000000000001 173.49999999999983 6.846430537959989E-7 4.307906168378737E-7
76.40516366592507 -29.982156456589152 507.0 456.5000000000001 433.0000000000001 150.50000000000003 6.293404837164418E-7 4.2142944578870804E-7
-2.139364792103531 28.577768038059403 657.9999999999997 265.4999999999999 310.0 278.4999999999999 6.740775590060493E-7 4.868064867640483E-7
-46.87993054433944 55.113817988917056 556.9999999999999 158.5000000000001 336.0 394.4999999999999 5.117752327818223E-7 5.668749617175042E-7
-26.949580836662417 50.430451077799034 610.0000000000005 187.5 312.99999999999966 338.4999999999999 5.846200095408616E-7 5.276493995911394E-7
54.12376923071043 -28.772586349483255 569.0 444.5 373.0000000000001 173.49999999999983 6.735498826697577E-7 4.4344923297061E-7
65.10097685770114 -29.737657869408753 538.0 452.5 401.99999999999994 159.50000000000006 6.462735059125079E-7 4.308164084360967E-7
69.88741171092448 -75.75632755715266 477.00000000000034 457.4999999999999 373.0000000000001 173.49999999999983 4.1689660322168344E-7 5.914788434274067E-7
58.74768294428282 -75.20918925231425 507.0 456.5000000000001 348.0 194.5 4.587694894437126E-7 5.628622290480051E-7
-63.760952585133936 43.21775510499638 526.0000000000005 149.50000000000009 386.9999999999996 431.5 6.873964568492402E-7 3.608824062088807E-7
27.824096384253238 -69.66986552983336 598.0 430.4999999999998 310.0 278.4999999999999 6.188721821004539E-7 4.698729142603942E-7
-58.08903954676796 26.411380000518673 556.9999999999999 158.5000000000001 386.9999999999996 431.5 6.882929770252066E-7 3.8481236408872836E-7
-2.6324348689864814 -29.87074385025302 661.0 322.4999999999999 312.99999999999966 338.4999999999999 7.100489028541939E-7 4.522444029504411E-7
7.69168166790918 -32.86255886527622 658.0 354.5 310.0 307.5 6.946481923327168E-7 4.7614481923978644E-7
-69.31591973205309 28.83474734929865 526.0000000000005 149.50000000000009 414.9999999999999 443.5000000000001 6.118664523861035E-7 4.3590582571111533E-7
48.52331780630927 -44.00799725097923 569.0 444.5 348.0 194.5 5.526929024733758E-7 5.600719199848851E-7
-7.043947029796903 -15.277492580321306 661.0 295.5 312.99999999999966 338.4999999999999 6.496003044607935E-7 5.197889528987286E-7
12.319445256636621 -19.53384959370676 658.0 354.5 310.0 278.4999999999999 6.392291364517804E-7 5.481610671650766E-7
59.63119383353322 -13.521569349537842 569.0 444.5 401.99999999999994 159.50000000000006 5.486979537454504E-7 5.545493666031906E-7
48.79829522039213 -12.227155688011102 598.0 430.4999999999998 373.0000000000001 173.49999999999983 5.703921652882529E-7 5.681964644576931E-7
-21.680468706576555 3.40301872836604 648.0000000000001 237.49999999999991 321.0000000000001 367.4999999999999 5.694758798911314E-7 6.035105632878346E-7
76.40516366592502 1.0895094464042552 538.0 452.5 464.0 146.50000000000006 5.383023726907067E-7 5.129571132170796E-7
48.79829522039213 -12.227155688011102 598.0 430.4999999999998 373.0000000000001 173.49999999999983 5.687730459311316E-7 5.716083546547507E-7
70.828350795047 -14.188414221569698 538.0 452.5 433.0000000000001 150.50000000000003 5.474308682889152E-7 5.210699462537526E-7
87.96777659418767 1.445864232379019 507.0 456.5000000000001 496.00000000000034 146.49999999999986 5.495579031265852E-7 4.850000000000004E-7
65.17544523081666 1.9572003402715599 569.0 444.5 433.0000000000001 150.50000000000003 5.653931768640689E-7 5.14417145903983E-7
-57.99461679191656 -3.974992050023602 584.9999999999995 171.5 414.9999999999999 443.5000000000001 4.6479684929129017E-7 6.059267465809897E-7
27.299572211332805 24.035755514209797 658.0 354.5 348.0 194.5 5.582736286485728E-7 6.047060810380894E-7
7.713581407721126 26.068875971675364 661.0 295.5 314.0 248.5 5.037884256091814E-7 6.635029096478108E-7
-2.139364792103531 28.577768038059403 657.9999999999997 265.4999999999999 310.0 278.4999999999999 4.841630808817292E-7 6.768329024048534E-7
-57.99461679191656 -3.974992050023602 584.9999999999995 171.5 414.9999999999999 443.5000000000001 4.0361216257414377E-7 6.663103214302216E-7
-86.4585241359195 -16.65380387449437 507.0 456.5000000000001 526.0000000000005 149.50000000000009 6.225596803163179E-7 4.0278544054013544E-7
58.68513166552945 49.02455356708263 624.0 409.5 464.0 146.50000000000006 5.860911002376489E-7 4.4433783443581634E-7
-11.700579462815833 31.187312064812133 648.0000000000001 237.49999999999991 310.0 307.5 4.2198275372868593E-7 7.285926311885279E-7
-26.638696097335075 19.921969643602516 632.0 211.4999999999999 321.0000000000001 367.4999999999999 3.943947543036321E-7 7.655517255185593E-7
-52.709333080033936 10.229222318991084 584.9999999999995 171.5 386.9999999999996 431.5 3.5177723380318635E-7 7.384461915250013E-7
12.856312567528635 40.21078587665982 661.0 295.5 328.0 219.49999999999994 4.6382767393840474E-7 6.756334476293752E-7
-42.614055969611194 8.316020432908305 610.0000000000005 187.5 360.0000000000005 417.5 3.5830232423967945E-7 7.744836989892028E-7
87.73204546409426 31.935360965918417 538.0 452.5 526.0000000000005 149.50000000000009 6.6553445523963E-7 3.4525755281786026E-7
22.95805548882147 66.94275907519251 661.0 295.5 373.0000000000001 173.49999999999983 4.5694942584248624E-7 5.880877674482118E-7
-1.8863049496044388 57.594521816678174 648.0000000000001 237.49999999999991 314.0 248.5 3.855911767086429E-7 7.300171230868492E-7
-1.8863049496044388 57.594521816678174 648.0000000000001 237.49999999999991 314.0 248.5 3.819285855293431E-7 7.333352272702816E-7
46.99456930124183 78.37098244878413 658.0 354.5 464.0 146.50000000000006 5.423329235810786E-7 4.128929105174312E-7
32.18399780634129 66.71233319579765 661.0 322.4999999999999 401.99999999999994 159.50000000000006 4.885039519912924E-7 5.316457676143225E-7
-86.30235354815484 -47.75581998273928 556.9999999999999 158.5000000000001 538.0 452.5 2.9918871785027023E-7 6.883414043110359E-7
-37.07011504699528 23.456467150374433 610.0000000000005 187.5 336.0 394.4999999999999 3.0923292192132576E-7 8.357049585695764E-7
-1.8863049496044388 57.594521816678174 648.0000000000001 237.49999999999991 314.0 248.5 3.675179511866662E-7 7.467578069375788E-7
-32.00538320808354 -25.439949120152722 648.0000000000001 237.49999999999991 360.0000000000005 417.5 4.982329887824688E-7 6.342208693437242E-7
54.123769230710366 2.9301812971520653 598.0 430.4999999999998 401.99999999999994 159.50000000000006 4.6919848915168265E-7 6.460069659067152E-7
-69.31234142956528 -34.12358802318839 584.9999999999995 171.5 477.00000000000034 457.4999999999999 5.293208436813677E-7 4.933586705205222E-7
43.23580068284121 5.165092708136136 624.0 409.5 373.0000000000001 173.49999999999983 4.7365306102908515E-7 6.752962312940893E-7
-75.02088603411829 -18.49007721164914 556.9999999999999 158.5000000000001 477.00000000000034 457.4999999999999 5.448980536659021E-7 4.869434144630033E-7
27.35479260658429 -7.535505703947949 645.0 383.49999999999994 328.0 219.49999999999994 4.792847680543258E-7 7.104243645721745E-7
2.4470486423235966 -15.605414661241923 661.0 322.4999999999999 310.0 307.5 4.800260409602795E-7 6.914658342969666E-7
-7.043947029796903 -15.277492580321306 661.0 295.5 312.99999999999966 338.4999999999999 4.880602194174176E-7 6.822206387965711E-7
65.17544523081666 1.9572003402715599 569.0 444.5 433.0000000000001 150.50000000000003 4.405331366020546E-7 6.39550623484959E-7
70.59014201919837 17.05768601115093 569.0 444.5 464.0 146.50000000000006 4.3923228478790123E-7 6.152528838706169E-7
-32.00538320808354 -25.439949120152722 648.0000000000001 237.49999999999991 360.0000000000005 417.5 5.130978897290895E-7 6.194105621027484E-7
-69.31234142956528 -34.12358802318839 584.9999999999995 171.5 477.00000000000034 457.4999999999999 5.48211739304359E-7 4.717137785658675E-7
-41.9225446005756 -22.34423834724316 632.0 211.4999999999999 386.9999999999996 431.5 5.197568876140291E-7 5.799257615323621E-7
-16.94154239283655 -42.61002134835891 661.0 295.5 336.0 394.4999999999999 4.6250825818453106E-7 6.735746267324635E-7
27.35479260658429 -7.535505703947949 645.0 383.49999999999994 328.0 219.49999999999994 4.449875154303644E-7 7.447314952383847E-7
-21.832081742261796 -26.732669219022018 657.9999999999997 265.4999999999999 336.0 394.4999999999999 4.786119978066195E-7 6.778745377198414E-7
-27.02463313460804 -41.05802895644027 657.9999999999997 265.4999999999999 360.0000000000005 417.5 4.742391567318929E-7 6.42920852222278E-7
59.48976259388445 18.17692307692317 598.0 430.4999999999998 433.0000000000001 150.50000000000003 4.378133798270161E-7 6.460671619713986E-7
-86.4585241359195 -16.65380387449437 526.0000000000005 149.50000000000009 507.0 456.5000000000001 5.650098327561306E-7 4.631564410530088E-7
17.12613410644049 -5.556155789991714 658.0 354.5 314.0 248.5 4.532996311001759E-7 7.468396377030643E-7
-80.47533202821003 -32.799904106056545 556.9999999999999 158.5000000000001 507.0 456.5000000000001 5.377137817753146E-7 4.697546641007887E-7
-69.31234142956528 -34.12358802318839 584.9999999999995 171.5 477.00000000000034 457.4999999999999 5.128379644466439E-7 5.06537812562453E-7
32.47119229084848 7.401212142377156 645.0 383.49999999999994 348.0 194.5 4.61052539787435E-7 7.127899020359676E-7
-80.47533202821003 -32.799904106056545 556.9999999999999 158.5000000000001 507.0 456.5000000000001 5.219967007132852E-7 4.858126067619996E-7
17.12613410644049 -5.556155789991714 658.0 354.5 314.0 248.5 4.632763753959401E-7 7.367364220367794E-7
-52.7027955755062 -19.336006686625485 610.0000000000005 187.5 414.9999999999999 443.5000000000001 4.997471582932945E-7 5.74033003309818E-7
17.12613410644049 -5.556155789991714 658.0 354.5 314.0 248.5 4.696127246051912E-7 7.303442871535162E-7
-21.832081742261796 -26.732669219022018 657.9999999999997 265.4999999999999 336.0 394.4999999999999 4.748713276012534E-7 6.826520994539522E-7
-80.47533202821003 -32.799904106056545 556.9999999999999 158.5000000000001 507.0 456.5000000000001 5.223052534464663E-7 4.872399591348991E-7
-16.839521977543086 -12.750711532139368 657.9999999999997 265.4999999999999 321.0000000000001 367.4999999999999 4.875249281375821E-7 6.863449893781143E-7
-75.02088603411829 -18.49007721164914 556.9999999999999 158.5000000000001 477.00000000000034 457.4999999999999 5.246930319508515E-7 5.070968568451411E-7
82.18470645323319 16.91008686364011 538.0 452.5 496.00000000000034 146.49999999999986 4.7683272165870125E-7 5.527833612224999E-7
2.4470486423235966 -15.605414661241923 661.0 322.4999999999999 310.0 307.5 4.810434260831113E-7 6.902435158051912E-7
59.48976259388445 18.17692307692317 598.0 430.4999999999998 433.0000000000001 150.50000000000003 4.7023930078205865E-7 6.15686157424742E-7
-86.4585241359195 -16.65380387449437 526.0000000000005 149.50000000000009 507.0 456.5000000000001 5.59138722600314E-7 4.661932122104648E-7
-46.913401285751895 -35.94790043780107 632.0 211.4999999999999 414.9999999999999 443.5000000000001 5.200240379059416E-7 5.411844006949536E-7
-75.02088603411829 -18.49007721164914 556.9999999999999 158.5000000000001 477.00000000000034 457.4999999999999 5.465472430530489E-7 4.856181627575304E-7
-21.832081742261796 -26.732669219022018 657.9999999999997 265.4999999999999 336.0 394.4999999999999 4.921635906891113E-7 6.64230967192721E-7
2.4470486423235966 -15.605414661241923 661.0 322.4999999999999 310.0 307.5 4.6690767586084697E-7 7.042036479440998E-7
-58.091893064346856 -33.91583405113792 610.0000000000005 187.5 445.0000000000004 452.5000000000001 5.24661266384746E-7 5.166048350098508E-7
-11.956584243149118 -28.952069256165412 661.0 295.5 321.0000000000001 367.4999999999999 4.6607402845470803E-7 6.93255203931263E-7
37.91807397602485 -10.181257747940068 624.0 409.5 348.0 194.5 4.493606569338264E-7 7.194229941032219E-7
43.23580068284121 5.165092708136136 624.0 409.5 373.0000000000001 173.49999999999983 4.444878451031529E-7 7.039274741682477E-7
-21.832081742261796 -26.732669219022018 657.9999999999997 265.4999999999999 336.0 394.4999999999999 4.6609786764393304E-7 6.901710738006274E-7
-21.832081742261796 -26.732669219022018 657.9999999999997 265.4999999999999 336.0 394.4999999999999 4.6368392011992066E-7 6.926940161427698E-7
-11.956584243149118 -28.952069256165412 661.0 295.5 321.0000000000001 367.4999999999999 4.476016333998595E-7 7.126729809511352E-7
2.4470486423235966 -15.605414661241923 661.0 322.4999999999999 310.0 307.5 4.4756439635977394E-7 7.236577613454827E-7
87.73204546409426 31.935360965918417 538.0 452.5 526.0000000000005 149.50000000000009 4.633962786979532E-7 5.483333333333331E-7
-80.47533202821003 -32.799904106056545 556.9999999999999 158.5000000000001 507.0 456.5000000000001 5.29194881137584E-7 4.787744771810632E-7
82.18470645323319 16.91008686364011 538.0 452.5 496.00000000000034 146.49999999999986 4.643663544133135E-7 5.655405477161752E-7
-32.00538320808354 -25.439949120152722 648.0000000000001 237.49999999999991 360.0000000000005 417.5 4.942025001060918E-7 6.379938174552394E-7
82.18470645323319 16.91008686364011 538.0 452.5 496.00000000000034 146.49999999999986 4.655492574487807E-7 5.64035558374746E-7
-11.956584243149118 -28.952069256165412 661.0 295.5 321.0000000000001 367.4999999999999 4.773334497206562E-7 6.836686169320464E-7
43.23580068284121 5.165092708136136 624.0 409.5 373.0000000000001 173.49999999999983 4.755844357793425E-7 6.7301353791898E-7
37.91807397602485 -10.181257747940068 624.0 409.5 348.0 194.5 4.8055812459172E-7 6.872186292908861E-7
54.123769230710366 2.9301812971520653 598.0 430.4999999999998 401.99999999999994 159.50000000000006 4.7680941918362065E-7 6.380460624263562E-7
-21.832081742261796 -26.732669219022018 657.9999999999997 265.4999999999999 336.0 394.4999999999999 5.064939398562535E-7 6.511890833100798E-7
82.18470645323319 16.91008686364011 538.0 452.5 496.00000000000034 146.49999999999986 4.652627692438376E-7 5.64862323442133E-7
76.40516366592502 1.0895094464042552 538.0 452.5 464.0 146.50000000000006 4.619794367718113E-7 5.890694167734203E-7
37.91807397602485 -10.181257747940068 624.0 409.5 348.0 194.5 4.790760783934936E-7 6.876873482105723E-7
82.18470645323319 16.91008686364011 538.0 452.5 496.00000000000034 146.49999999999986 4.5213382974513195E-7 5.781219594514643E-7
