477 286
476 288
475 289
473 290
473 291
471 293
470 294
470 295
469 295
468 297
467 298
466 299
465 300
464 301
464 302
464 303
462 305
462 306
460 307
460 308
460 309
458 310
458 311
456 312
456 313
459 313
463 313
469 314
472 314
474 314
476 314
479 314
480 314
481 314
482 314
484 314
485 314
486 314
487 314
488 314
489 314
491 314
493 314
494 314
495 314
495 313
494 311
493 310
490 308
488 307
486 306
486 305
484 302
484 300
483 298
482 297
481 296
481 295
481 294
481 293
481 292
481 291
480 290
480 289
480 288
479 287
478 287
478 286
474 297
473 299
472 299
472 301
472 303
471 305
470 306
469 308
468 309
468 310
470 310
472 310
476 310
478 310
482 310
487 310
488 310
490 310
492 310
491 310
490 310
486 310
485 309
481 308
478 306
477 305
477 304
477 302
475 299
475 298
475 296
475 294
475 292
476 292
477 292
480 294
481 296
481 300
482 301
483 304
483 306
483 307
849 420
848 420
847 420
846 420
844 421
843 422
842 422
841 424
839 425
838 426
836 428
835 428
834 430
833 430
833 431
831 433
831 434
831 435
831 437
831 438
831 440
832 441
832 442
833 443
834 445
835 445
836 445
837 446
838 448
839 448
841 448
843 448
844 449
846 449
847 449
851 449
852 449
853 449
855 449
856 448
857 448
859 447
859 444
861 443
861 440
861 439
861 437
861 436
861 435
861 433
861 431
861 430
861 428
860 427
859 427
859 426
858 426
858 425
857 424
855 424
854 424
853 424
852 424
851 424
850 424
849 424
848 424
847 424
846 424
845 424
845 425
844 426
841 430
841 432
840 434
840 435
840 436
840 437
839 439
839 440
839 442
840 443
842 444
844 444
846 444
847 445
848 445
849 445
851 445
852 444
852 442
852 440
852 438
852 436
852 434
852 433
852 432
851 432
850 432
849 432
848 432
847 432
847 433
847 434
847 435
847 436
847 437
847 438
848 438
848 439
849 439
852 440
853 441
854 441
605 313
605 314
605 316
605 323
605 329
604 336
604 339
603 346
603 357
603 367
601 375
600 387
600 392
599 396
599 398
599 399
599 400
599 401
598 403
598 405
597 406
597 407
597 411
597 412
597 414
597 415
597 416
602 314
604 314
605 314
607 314
608 314
613 314
618 314
624 314
629 314
631 314
635 314
640 314
646 314
651 314
655 314
657 314
658 314
660 314
666 315
676 316
685 318
688 318
690 318
692 318
693 318
695 318
696 318
698 318
699 318
702 317
703 317
704 317
705 317
706 317
709 317
710 317
712 317
713 317
715 316
716 316
716 318
716 320
716 327
716 333
716 340
716 345
716 349
716 353
716 358
717 360
717 362
719 366
719 370
719 374
719 378
719 380
719 382
719 387
719 391
719 394
719 399
719 403
719 404
719 407
719 409
719 410
719 411
719 412
608 420
609 420
614 418
621 417
627 416
632 416
636 416
639 416
641 416
645 416
653 416
660 416
667 416
671 416
673 416
678 416
682 415
684 415
686 415
687 415
689 415
694 415
697 415
699 415
701 414
703 414
704 414
705 414
706 414
707 414
712 413
715 413
717 413
718 413
719 413
721 412
578 442
579 441
580 440
583 438
588 434
591 432
596 427
598 425
603 420
606 416
607 413
609 411
613 409
615 407
619 404
622 400
626 398
629 396
631 394
632 393
634 392
635 391
636 390
639 389
640 388
642 385
644 384
646 382
648 380
650 379
651 377
653 376
654 375
657 373
659 371
661 369
663 367
668 365
672 362
677 360
678 359
680 358
682 357
684 355
687 353
690 350
692 349
693 348
694 347
696 345
698 343
701 341
707 336
709 334
710 333
713 329
715 328
718 325
722 321
724 319
728 316
731 314
734 311
736 309
737 309
739 307
740 306
741 305
743 303
747 300
747 299
751 296
752 295
753 294
755 292
756 291
758 291
758 290
759 290
