368.0 157.0 6.195172922488362E-10 932.0 157.0 9.585559707550293E-10 368.0 577.0 8.258600021721871E-10 932.0 577.0 1.5854629545244413E-9
368.0 157.0 4.293532741861957E-10 932.0 157.0 1.3620795619959955E-9 368.0 577.0 1.925470805510306E-9 932.0 577.0 1.0261626935653121E-9
368.0 157.0 5.336056546349946E-10 932.0 157.0 1.0598314050587331E-9 368.0 577.0 1.0910547794825064E-9 932.0 577.0 1.2855155037009596E-9
368.0 157.0 5.346338596746372E-10 932.0 157.0 1.0861356109415179E-9 368.0 577.0 1.1664475054643608E-9 932.0 577.0 1.2220044106752171E-9
368.0 157.0 7.258388056065811E-10 932.0 157.0 9.207311240794563E-10 368.0 577.0 7.502387472026917E-10 932.0 577.0 1.7042545115426648E-9
368.0 157.0 6.203824546752279E-10 932.0 157.0 9.669400364505706E-10 368.0 577.0 9.154301869292723E-10 932.0 577.0 1.4447278588467624E-9
368.0 157.0 6.475242993541857E-10 932.0 157.0 9.344533154304503E-10 368.0 577.0 8.512910430644604E-10 932.0 577.0 1.5552802883165095E-9
368.0 157.0 6.446586912197553E-10 932.0 157.0 9.330767461485828E-10 368.0 577.0 8.534006788360993E-10 932.0 577.0 1.556949025415716E-9
368.0 157.0 6.989403452400303E-10 932.0 157.0 8.911594951598739E-10 368.0 577.0 7.545675838023964E-10 932.0 577.0 1.7946724397481637E-9
368.0 157.0 6.138739538973013E-10 932.0 157.0 9.350195155158664E-10 368.0 577.0 8.813817966791509E-10 932.0 577.0 1.5410544802969809E-9
368.0 157.0 6.571090207881573E-10 932.0 157.0 9.07507787144451E-10 368.0 577.0 8.023699578317615E-10 932.0 577.0 1.68588105655574E-9
368.0 157.0 5.600580544318815E-10 932.0 157.0 9.766434747303043E-10 368.0 577.0 1.0096625890997584E-9 932.0 577.0 1.391568664128024E-9
368.0 157.0 4.4557261322330854E-10 932.0 157.0 1.2397357387548262E-9 368.0 577.0 1.7602349373116387E-9 932.0 577.0 1.0602004548815787E-9
368.0 157.0 4.6218586618572103E-10 932.0 157.0 1.1747120688198894E-9 368.0 577.0 1.5164499356548397E-9 932.0 577.0 1.1181500847163688E-9
368.0 157.0 5.420879705188464E-10 932.0 157.0 1.0210631257059752E-9 368.0 577.0 1.043641226061256E-9 932.0 577.0 1.340609154057603E-9
368.0 157.0 5.679175501475102E-10 932.0 157.0 1.0096900046818986E-9 368.0 577.0 1.016443118850812E-9 932.0 577.0 1.3471877023261095E-9
368.0 157.0 5.083228502566005E-10 932.0 157.0 1.113274942256284E-9 368.0 577.0 1.2973569703082126E-9 932.0 577.0 1.170881564862802E-9
368.0 157.0 5.216910416886086E-10 932.0 157.0 1.0717647045279144E-9 368.0 577.0 1.230620971845938E-9 932.0 577.0 1.2082972573965889E-9
368.0 157.0 5.338003133110231E-10 932.0 157.0 1.0400260006899544E-9 368.0 577.0 1.1199950521424556E-9 932.0 577.0 1.27920475066612E-9
368.0 157.0 6.848830885261669E-10 932.0 157.0 9.181140297357046E-10 368.0 577.0 7.644374109330898E-10 932.0 577.0 1.7180038493428102E-9
368.0 157.0 4.665961492253911E-10 932.0 157.0 8.207109388256802E-10 368.0 577.0 1.96716850535662E-9 932.0 577.0 1.0874023426160801E-9
368.0 157.0 4.1709390999613655E-10 932.0 157.0 1.3727907698512722E-9 368.0 577.0 2.071445079532355E-9 932.0 577.0 1.0162929377992424E-9
368.0 157.0 5.678121071463981E-10 932.0 157.0 1.0049540559339724E-9 368.0 577.0 9.432114373883248E-10 932.0 577.0 1.4221162296611777E-9
368.0 157.0 4.377368848729256E-10 932.0 157.0 1.3502878615839664E-9 368.0 577.0 1.8706837476362007E-9 932.0 577.0 1.028185459742552E-9
368.0 157.0 6.682462779770553E-10 932.0 157.0 9.523025643087784E-10 368.0 577.0 8.25537921598043E-10 932.0 577.0 1.5476345236552861E-9
368.0 157.0 5.165974258373012E-10 932.0 157.0 1.1333405135394388E-9 368.0 577.0 1.290530293951861E-9 932.0 577.0 1.1569784172544795E-9
368.0 157.0 4.753781142887478E-10 932.0 157.0 1.2554502899620062E-9 368.0 577.0 1.6585203699076084E-9 932.0 577.0 1.04856875435638E-9
368.0 157.0 5.981705867867193E-10 932.0 157.0 9.904809561403897E-10 368.0 577.0 9.713089596965665E-10 932.0 577.0 1.3776732866944906E-9
368.0 157.0 7.10131055601147E-10 932.0 157.0 9.082886820926327E-10 368.0 577.0 7.676082005608369E-10 932.0 577.0 1.708247479696852E-9
368.0 157.0 4.498589063650885E-10 932.0 157.0 1.2996201955819958E-9 368.0 577.0 1.957823992484319E-9 932.0 577.0 1.0102820958615434E-9
368.0 157.0 6.835678139267774E-10 932.0 157.0 8.984376239803967E-10 368.0 577.0 7.688087895263749E-10 932.0 577.0 1.7555207769337646E-9
368.0 157.0 5.040053710322062E-10 932.0 157.0 1.059899939687697E-9 368.0 577.0 1.277462622435273E-9 932.0 577.0 1.2085789298165168E-9
368.0 157.0 6.118420603035257E-10 932.0 157.0 9.351926834401717E-10 368.0 577.0 8.639619696145225E-10 932.0 577.0 1.5694815035747536E-9
368.0 157.0 5.84884727468204E-10 932.0 157.0 9.583671217211944E-10 368.0 577.0 9.206098427442038E-10 932.0 577.0 1.4844603867617818E-9
368.0 157.0 4.883750744898595E-10 932.0 157.0 1.0880528291732017E-9 368.0 577.0 1.311581368312108E-9 932.0 577.0 1.1955942138425339E-9
368.0 157.0 4.751937751907338E-10 932.0 157.0 1.1312420607991443E-9 368.0 577.0 1.408939556220156E-9 932.0 577.0 1.1534698984991715E-9
368.0 157.0 5.684614480906201E-10 932.0 157.0 9.84467576904227E-10 368.0 577.0 9.529016325423246E-10 932.0 577.0 1.4329646570191563E-9
368.0 157.0 6.622260121014291E-10 932.0 157.0 9.289759772904135E-10 368.0 577.0 7.776219672889787E-10 932.0 577.0 1.6876540906313628E-9
368.0 157.0 6.571174894005136E-10 932.0 157.0 9.382696380093406E-10 368.0 577.0 8.200390300108524E-10 932.0 577.0 1.5924844008317347E-9
368.0 157.0 6.179992647388707E-10 932.0 157.0 9.660954805939659E-10 368.0 577.0 9.049346440887499E-10 932.0 577.0 1.4614149927478875E-9
368.0 157.0 5.007818063610739E-10 932.0 157.0 1.1286533711918256E-9 368.0 577.0 1.385983760324574E-9 932.0 577.0 1.137099726952652E-9
368.0 157.0 5.211336879172653E-10 932.0 157.0 1.0728562745263533E-9 368.0 577.0 1.233694950375462E-9 932.0 577.0 1.206727685138188E-9
368.0 157.0 6.743106631194079E-10 932.0 157.0 9.214764433409154E-10 368.0 577.0 7.99443787339791E-10 932.0 577.0 1.646042736784725E-9
